train_acc	val_acc	train_auc	val_auc	train_loss	val_loss	val_mmc	tn	fp	fn	tp	time	ep_stopped	index_fold	seed
0.70044053	0.65384614	0.71879252	0.45751634	0.59304945	0.71526106	0.13789005	2.0	7.0	2.0	15.0	96.92105389	9.0	0.0	1.0
0.64757711	0.61538464	0.68010204	0.51633987	0.61396867	0.70430401	-0.00973262	1.0	8.0	2.0	15.0	125.03362012	9.0	1.0	1.0
0.73568285	0.69230771	0.79710884	0.68627451	0.5481239	0.59663534	0.24331548	2.0	7.0	1.0	16.0	154.50456214	25.0	2.0	1.0
0.7149123	0.60000002	0.7670278	0.65441176	0.57205495	0.63147061	-0.20228869	0.0	8.0	2.0	15.0	186.557724	20.0	3.0	1.0
0.84649122	0.75999999	0.93564189	0.73611111	0.42022139	0.57822474	0.45833333	4.0	5.0	1.0	15.0	216.95801878	58.0	4.0	1.0
0.64912283	0.63999999	0.70565878	0.71527778	0.60332277	0.60979454	0.0	0.0	9.0	0.0	16.0	250.28358603	9.0	5.0	1.0
0.66666669	0.60000002	0.72516892	0.43055556	0.59294361	0.67057884	-0.02051525	1.0	8.0	2.0	14.0	288.3404808	14.0	6.0	1.0
0.7280702	0.60000002	0.81393581	0.65972222	0.54301629	0.62117195	-0.02051525	1.0	8.0	2.0	14.0	335.79757738	24.0	7.0	1.0
0.78070176	0.72000003	0.89856419	0.625	0.44721127	0.65327503	0.37872604	5.0	4.0	3.0	13.0	370.24701118	60.0	8.0	1.0
0.67982459	0.68000001	0.72010135	0.55555556	0.59788653	0.66719061	0.23592536	2.0	7.0	1.0	15.0	404.5630722	13.0	9.0	1.0
0.70044053	0.73076922	0.78928571	0.77777778	0.56117109	0.54808414	0.39674602	2.0	7.0	0.0	17.0	441.78983641	23.0	0.0	2.0
0.75330395	0.69230771	0.84370748	0.66666667	0.50912219	0.61970744	0.26035959	3.0	6.0	2.0	15.0	470.72049427	36.0	1.0	2.0
0.76211452	0.61538464	0.85629252	0.7254902	0.49650848	0.57050876	0.05522779	2.0	7.0	3.0	14.0	501.99028754	56.0	2.0	2.0
0.7719298	0.63999999	0.86016629	0.66176471	0.49819801	0.60981727	0.14514393	3.0	5.0	4.0	13.0	538.86913943	43.0	3.0	2.0
0.86842108	0.68000001	0.95109797	0.73611111	0.36852989	0.62237372	0.25	3.0	6.0	2.0	14.0	580.10951614	156.0	4.0	2.0
0.67543858	0.63999999	0.67753378	0.41666667	0.61040213	0.72269501	0.0	0.0	9.0	0.0	16.0	621.24463248	9.0	5.0	2.0
0.79385966	0.68000001	0.88868243	0.70138889	0.46199487	0.58911822	0.25	3.0	6.0	2.0	14.0	661.84545708	68.0	6.0	2.0
0.65350878	0.63999999	0.69662162	0.57638889	0.61000331	0.66077863	0.08600781	1.0	8.0	1.0	15.0	696.02615261	13.0	7.0	2.0
0.67543858	0.56	0.68648649	0.52777778	0.60949736	0.70433334	-0.10001653	1.0	8.0	3.0	13.0	725.43956709	9.0	8.0	2.0
0.64035088	0.63999999	0.68969595	0.63194444	0.61473342	0.64082387	0.08600781	1.0	8.0	1.0	15.0	766.18497491	8.0	9.0	2.0
0.66079295	0.76923078	0.73732993	0.62745098	0.58502828	0.60240658	0.49636359	3.0	6.0	0.0	17.0	796.46583414	16.0	0.0	3.0
0.74889868	0.69230771	0.8167517	0.52941176	0.53263911	0.69010934	0.24331548	2.0	7.0	1.0	16.0	831.64166021	27.0	1.0	3.0
0.93392068	0.65384614	0.97789116	0.60130719	0.29672061	0.61934629	0.13789005	2.0	7.0	2.0	15.0	872.29931164	238.0	2.0	3.0
0.80263156	0.72000003	0.89334005	0.625	0.46214815	0.63738237	0.27443022	2.0	6.0	1.0	16.0	906.94088745	80.0	3.0	3.0
0.67543858	0.63999999	0.71157095	0.36111111	0.59989488	0.7503577	0.08600781	1.0	8.0	1.0	15.0	938.21248317	9.0	4.0	3.0
0.84649122	0.63999999	0.93581081	0.70138889	0.38353959	0.61621621	0.12729377	2.0	7.0	2.0	14.0	978.83871889	134.0	5.0	3.0
0.68421054	0.63999999	0.75160473	0.67361111	0.57774329	0.64381225	0.12729377	2.0	7.0	2.0	14.0	1020.80907965	14.0	6.0	3.0
0.70614034	0.63999999	0.75033784	0.52777778	0.5725711	0.69147077	0.08600781	1.0	8.0	1.0	15.0	1059.18669128	19.0	7.0	3.0
0.71052629	0.51999998	0.75092905	0.5625	0.57163887	0.66105428	-0.27695585	0.0	9.0	3.0	13.0	1089.7879858	15.0	8.0	3.0
0.69298244	0.63999999	0.70853041	0.66666667	0.59650495	0.62601888	0.08600781	1.0	8.0	1.0	15.0	1125.14599967	12.0	9.0	3.0
0.67400879	0.65384614	0.70255102	0.43137255	0.60085242	0.72131307	0.09335201	1.0	8.0	1.0	16.0	1160.58055854	8.0	0.0	4.0
0.73127753	0.73076922	0.74566327	0.64705882	0.57603559	0.59050115	0.39674602	2.0	7.0	0.0	17.0	1191.9678278	16.0	1.0	4.0
0.67400879	0.69230771	0.6869898	0.55555556	0.61709772	0.64914035	0.27487371	1.0	8.0	0.0	17.0	1223.218297	9.0	2.0	4.0
0.68859649	0.51999998	0.70563534	0.59558824	0.60348053	0.62192017	-0.29939248	0.0	8.0	4.0	13.0	1264.52182388	8.0	3.0	4.0
0.76754385	0.60000002	0.86494932	0.64583333	0.4969216	0.65577776	0.04166667	2.0	7.0	3.0	13.0	1310.04000568	36.0	4.0	4.0
0.63596493	0.60000002	0.66545608	0.30555556	0.61954381	0.75048795	-0.02051525	1.0	8.0	2.0	14.0	1339.55069351	6.0	5.0	4.0
0.67105263	0.60000002	0.6870777	0.32638889	0.60701862	0.75364852	-0.15309311	0.0	9.0	1.0	15.0	1370.32964206	6.0	6.0	4.0
0.90350878	0.72000003	0.96545608	0.77777778	0.34394544	0.53390864	0.37872604	5.0	4.0	3.0	13.0	1405.63241768	124.0	7.0	4.0
0.68421054	0.47999999	0.74324324	0.42361111	0.58879237	0.73197217	-0.32732684	0.0	9.0	4.0	12.0	1444.01399446	9.0	8.0	4.0
0.84210527	0.72000003	0.91511824	0.79861111	0.43407293	0.53754312	0.39317855	2.0	7.0	0.0	16.0	1489.23598909	79.0	9.0	4.0
0.66960353	0.61538464	0.7119898	0.36601307	0.59838795	0.73828433	-0.00973262	1.0	8.0	2.0	15.0	1534.91426277	7.0	0.0	5.0
0.70925111	0.65384614	0.7795068	0.60784314	0.55829679	0.62156498	0.13789005	2.0	7.0	2.0	15.0	1567.15627503	26.0	1.0	5.0
0.70925111	0.65384614	0.80110544	0.58823529	0.54953927	0.64571343	0.09335201	1.0	8.0	1.0	16.0	1600.9546349	19.0	2.0	5.0
0.92543858	0.75999999	0.98513479	0.68382353	0.29165954	0.59546493	0.42986348	2.0	6.0	0.0	17.0	1643.99800682	241.0	3.0	5.0
0.67982459	0.63999999	0.67711149	0.48611111	0.61713802	0.72770573	0.08600781	1.0	8.0	1.0	15.0	1679.81553316	9.0	4.0	5.0
0.66228068	0.56	0.68015203	0.54861111	0.61364797	0.68701806	-0.22116293	0.0	9.0	2.0	14.0	1722.52577734	9.0	5.0	5.0
0.67105263	0.60000002	0.67939189	0.50694444	0.61657644	0.67228226	-0.15309311	0.0	9.0	1.0	15.0	1761.75232768	8.0	6.0	5.0
0.70175439	0.56	0.78581081	0.48611111	0.55633697	0.70358534	-0.03121953	2.0	7.0	4.0	12.0	1796.90872025	19.0	7.0	5.0
0.85087717	0.72000003	0.93420608	0.73611111	0.39518137	0.58980311	0.35460407	3.0	6.0	1.0	15.0	1842.23355341	134.0	8.0	5.0
0.80263156	0.60000002	0.89535473	0.70833333	0.46472225	0.62008287	-0.15309311	0.0	9.0	1.0	15.0	1878.01242995	54.0	9.0	5.0
0.68722469	0.76923078	0.7047619	0.61437908	0.59781452	0.62301833	0.49636359	3.0	6.0	0.0	17.0	1919.50657988	15.0	0.0	6.0
0.67400879	0.57692307	0.68886054	0.48366013	0.61058448	0.69720332	-0.08618128	1.0	8.0	3.0	14.0	1956.53807068	9.0	1.0	6.0
0.78854626	0.57692307	0.88852041	0.62745098	0.46923707	0.6258104	-0.08618128	1.0	8.0	3.0	14.0	1996.1528542	78.0	2.0	6.0
0.64035088	0.60000002	0.63626438	0.43382353	0.6385429	0.72039071	-0.20228869	0.0	8.0	2.0	15.0	2031.18600845	8.0	3.0	6.0
0.65350878	0.60000002	0.70287162	0.43055556	0.60977003	0.72569884	-0.15309311	0.0	9.0	1.0	15.0	2069.12653613	12.0	4.0	6.0
0.67543858	0.56	0.71131757	0.625	0.60013458	0.65437594	-0.22116293	0.0	9.0	2.0	14.0	2109.72934842	8.0	5.0	6.0
0.75877196	0.68000001	0.85320946	0.63888889	0.50611652	0.64495272	0.23592536	2.0	7.0	1.0	15.0	2143.20890403	41.0	6.0	6.0
0.69736844	0.56	0.7433277	0.56944444	0.57853461	0.67599739	-0.22116293	0.0	9.0	2.0	14.0	2185.02536297	19.0	7.0	6.0
0.68421054	0.72000003	0.72314189	0.74305556	0.58978194	0.57737987	0.39317855	2.0	7.0	0.0	16.0	2221.23947835	15.0	8.0	6.0
0.71052629	0.68000001	0.78809122	0.73611111	0.55397941	0.5905569	0.27468517	4.0	5.0	3.0	13.0	2260.87419963	24.0	9.0	6.0
0.70925111	0.61538464	0.73554422	0.55555556	0.58703392	0.64238836	-0.00973262	1.0	8.0	2.0	15.0	2294.51779747	13.0	0.0	7.0
0.64757711	0.65384614	0.65306122	0.52287582	0.62565926	0.69463542	0.0	0.0	9.0	0.0	17.0	2333.74804592	6.0	1.0	7.0
0.67841411	0.57692307	0.71938776	0.58169935	0.59166725	0.64752638	-0.08618128	1.0	8.0	3.0	14.0	2375.65026474	9.0	2.0	7.0
0.64912283	0.60000002	0.68589905	0.58088235	0.61571228	0.62357274	-0.0654921	1.0	7.0	3.0	14.0	2411.08103967	8.0	3.0	7.0
0.66228068	0.44	0.67550676	0.33333333	0.61600437	0.75684299	-0.28210909	1.0	8.0	6.0	10.0	2450.54364014	8.0	4.0	7.0
0.7719298	0.68000001	0.83944257	0.61111111	0.5212468	0.65672414	0.25	3.0	6.0	2.0	14.0	2486.62567711	23.0	5.0	7.0
0.66666669	0.63999999	0.7058277	0.56944444	0.60511524	0.63859394	0.0	0.0	9.0	0.0	16.0	2519.61902022	9.0	6.0	7.0
0.69736844	0.75999999	0.76173986	0.73611111	0.57153053	0.57180788	0.49236596	3.0	6.0	0.0	16.0	2554.48560715	22.0	7.0	7.0
0.76754385	0.56	0.85633446	0.57638889	0.50072758	0.6623178	0.02143732	3.0	6.0	5.0	11.0	2596.21042848	37.0	8.0	7.0
0.7631579	0.60000002	0.83614865	0.63194444	0.51941259	0.70987535	-0.02051525	1.0	8.0	2.0	14.0	2633.38064742	30.0	9.0	7.0
0.77533042	0.5	0.83758503	0.49673203	0.51659098	0.67098024	-0.20664347	1.0	8.0	5.0	12.0	2668.16598392	32.0	0.0	8.0
0.72687227	0.73076922	0.80119048	0.77777778	0.5480883	0.55491674	0.39674602	2.0	7.0	0.0	17.0	2713.96336675	29.0	1.0	8.0
0.70925111	0.65384614	0.73545918	0.52287582	0.59204909	0.6719853	0.13789005	2.0	7.0	2.0	15.0	2752.99087429	9.0	2.0	8.0
0.72368419	0.60000002	0.77828168	0.41911765	0.55997601	0.69493005	-0.20228869	0.0	8.0	2.0	15.0	2789.66241097	23.0	3.0	8.0
0.7368421	0.56	0.79797297	0.46527778	0.54474402	0.69886131	-0.22116293	0.0	9.0	2.0	14.0	2827.3472569	30.0	4.0	8.0
0.69736844	0.63999999	0.74476351	0.72916667	0.5882915	0.58185212	0.08600781	1.0	8.0	1.0	15.0	2872.21631551	15.0	5.0	8.0
0.67105263	0.47999999	0.70253378	0.44444444	0.60228571	0.70785381	-0.32732684	0.0	9.0	4.0	12.0	2908.74550128	9.0	6.0	8.0
0.66228068	0.68000001	0.66967905	0.64583333	0.61599655	0.60500216	0.27216553	1.0	8.0	0.0	16.0	2945.03383708	11.0	7.0	8.0
0.70175439	0.63999999	0.69898649	0.39583333	0.60432147	0.75076488	0.08600781	1.0	8.0	1.0	15.0	2984.31357408	8.0	8.0	8.0
0.69298244	0.63999999	0.76959459	0.4375	0.57293857	0.72270634	0.08600781	1.0	8.0	1.0	15.0	3019.1074512	9.0	9.0	8.0
0.70044053	0.61538464	0.70884354	0.54901961	0.60212195	0.65349044	0.05522779	2.0	7.0	3.0	14.0	3055.76075172	16.0	0.0	9.0
0.75330395	0.61538464	0.82763605	0.41830065	0.52526107	0.72465504	-0.14552138	0.0	9.0	1.0	16.0	3094.09262609	29.0	1.0	9.0
0.75330395	0.69230771	0.83477891	0.69934641	0.51521763	0.57138487	0.24331548	2.0	7.0	1.0	16.0	3130.51239705	26.0	2.0	9.0
0.65350878	0.63999999	0.68959436	0.5	0.61410825	0.68465364	0.01055501	1.0	7.0	2.0	15.0	3172.01089931	7.0	3.0	9.0
0.69298244	0.68000001	0.74239865	0.58333333	0.58418158	0.66102433	0.27216553	1.0	8.0	0.0	16.0	3209.50963449	15.0	4.0	9.0
0.65789473	0.60000002	0.68471284	0.4375	0.60925799	0.72156243	0.08908708	3.0	6.0	4.0	12.0	3245.78320408	9.0	5.0	9.0
0.64473683	0.68000001	0.67339527	0.57638889	0.61880562	0.6607866	0.27216553	1.0	8.0	0.0	16.0	3288.6562326	9.0	6.0	9.0
0.66666669	0.60000002	0.73125	0.66666667	0.59927737	0.61471696	-0.15309311	0.0	9.0	1.0	15.0	3325.55946422	15.0	7.0	9.0
0.85526317	0.56	0.92584459	0.57638889	0.41218138	0.70116389	-0.22116293	0.0	9.0	2.0	14.0	3367.33794165	81.0	8.0	9.0
0.65789473	0.63999999	0.70219595	0.40972222	0.60343629	0.75791268	0.08600781	1.0	8.0	1.0	15.0	3404.43282199	7.0	9.0	9.0
0.66079295	0.57692307	0.68613946	0.62091503	0.61666163	0.66148543	-0.21004201	0.0	9.0	2.0	15.0	3452.872684	8.0	0.0	10.0
0.70484579	0.69230771	0.78715986	0.51633987	0.55382285	0.67257668	0.24331548	2.0	7.0	1.0	16.0	3495.76699853	16.0	1.0	10.0
0.66519827	0.61538464	0.68052721	0.49019608	0.61764483	0.70529079	-0.14552138	0.0	9.0	1.0	16.0	3532.29636121	8.0	2.0	10.0
0.65350878	0.72000003	0.68657092	0.66911765	0.61927288	0.59222958	0.27443022	2.0	6.0	1.0	16.0	3572.605021	8.0	3.0	10.0
0.69298244	0.63999999	0.73184122	0.5625	0.58744726	0.67250648	0.0	0.0	9.0	0.0	16.0	3613.76704192	11.0	4.0	10.0
0.7719298	0.56	0.83369932	0.52777778	0.5183026	0.64079386	-0.10001653	1.0	8.0	3.0	13.0	3657.97202158	38.0	5.0	10.0
0.71052629	0.63999999	0.81858108	0.61805556	0.52879359	0.64849701	0.0	0.0	9.0	0.0	16.0	3696.46153998	29.0	6.0	10.0
0.7850877	0.75999999	0.85202703	0.625	0.50170143	0.65960854	0.46028325	5.0	4.0	2.0	14.0	3738.62596989	45.0	7.0	10.0
0.70614034	0.56	0.71858108	0.52083333	0.59648012	0.67514492	-0.22116293	0.0	9.0	2.0	14.0	3783.1800878	9.0	8.0	10.0
0.74122804	0.60000002	0.77863176	0.57638889	0.55422123	0.65441441	-0.02051525	1.0	8.0	2.0	14.0	3822.95952654	23.0	9.0	10.0
