train_acc	val_acc	train_auc	val_auc	train_loss	val_loss	val_mmc	tn	fp	fn	tp	time	ep_stopped	index_fold	seed
0.93518519	0.84615386	0.97101968	0.9	0.27029521	0.43852791	0.69282032	8.0	0.0	2.0	3.0	62.72615361	8.0	0.0	1.0
0.98165137	0.91666669	1.0	0.90625	0.1205309	0.27370736	0.81649658	8.0	0.0	1.0	3.0	83.94521523	24.0	1.0	1.0
1.0	0.91666669	1.0	0.96875	0.0220161	0.30321273	0.83666003	7.0	1.0	0.0	4.0	107.00825906	97.0	2.0	1.0
0.99082571	0.75	1.0	0.77142857	0.10728646	0.69735026	0.47809144	6.0	1.0	2.0	3.0	138.72770166	25.0	3.0	1.0
0.95412844	0.83333331	0.98872445	0.77142857	0.20726042	0.53582412	0.68313005	7.0	0.0	2.0	3.0	158.1024003	14.0	4.0	1.0
1.0	1.0	1.0	1.0	0.00090202	0.03698889	1.0	7.0	0.0	0.0	5.0	190.35461855	500.0	5.0	1.0
0.94495416	0.58333331	0.97533474	0.6	0.23228096	0.77556199	0.11952286	5.0	2.0	3.0	2.0	211.71310377	11.0	6.0	1.0
1.0	0.75	1.0	0.97142857	0.03860761	0.41670445	0.5976143	4.0	3.0	0.0	5.0	234.00780845	56.0	7.0	1.0
1.0	0.91666669	1.0	0.97142857	0.00957243	0.24533941	0.84515425	6.0	1.0	0.0	5.0	256.14550281	146.0	8.0	1.0
0.94495416	0.66666669	0.97498238	0.85714286	0.26033703	0.44346467	0.31428571	5.0	2.0	2.0	3.0	275.43675756	9.0	9.0	1.0
1.0	0.76923078	1.0	1.0	0.06955709	0.24529506	0.53935989	8.0	0.0	3.0	2.0	296.7302804	41.0	0.0	2.0
0.99082571	0.83333331	0.9951049	0.71875	0.1516905	0.62685198	0.63245553	8.0	0.0	2.0	2.0	317.37731266	17.0	1.0	2.0
0.91743118	0.66666669	0.96643357	0.75	0.27983791	0.55842811	0.15811388	7.0	1.0	3.0	1.0	339.94379592	8.0	2.0	2.0
1.0	0.83333331	1.0	0.88571429	0.0664027	0.41648135	0.71428571	5.0	2.0	0.0	5.0	364.10082507	36.0	3.0	2.0
1.0	0.83333331	1.0	0.91428571	0.0254187	0.38475117	0.65714286	6.0	1.0	1.0	4.0	388.94065571	72.0	4.0	2.0
0.97247708	0.83333331	0.99224806	0.91428571	0.18436026	0.35833371	0.65714286	6.0	1.0	1.0	4.0	407.52385092	16.0	5.0	2.0
1.0	0.91666669	1.0	1.0	0.00123371	0.15716884	0.84515425	6.0	1.0	0.0	5.0	443.33532739	500.0	6.0	2.0
0.96330273	0.91666669	0.97110641	0.94285714	0.25153604	0.36741635	0.84515425	6.0	1.0	0.0	5.0	463.93394732	10.0	7.0	2.0
1.0	0.83333331	1.0	0.88571429	0.00415705	0.39883193	0.65714286	6.0	1.0	1.0	4.0	489.75821161	245.0	8.0	2.0
0.99082571	0.41666666	0.98907681	0.4	0.17629541	1.27942967	-0.16903085	3.0	4.0	3.0	2.0	513.20872855	11.0	9.0	2.0
1.0	0.92307693	1.0	0.975	0.0115798	0.22457722	0.85391256	7.0	1.0	0.0	5.0	537.61690283	134.0	0.0	3.0
0.99082571	0.83333331	0.99755245	0.6875	0.15327425	0.57843989	0.63245553	8.0	0.0	2.0	2.0	558.47960615	17.0	1.0	3.0
0.91743118	0.66666669	0.97307692	0.65625	0.29208522	0.71829915	0.15811388	7.0	1.0	3.0	1.0	581.06920171	6.0	2.0	3.0
1.0	0.83333331	1.0	0.82857143	0.05536081	0.44922021	0.68313005	7.0	0.0	2.0	3.0	606.13122487	46.0	3.0	3.0
0.94495416	0.41666666	0.98132488	0.51428571	0.22553464	0.90562207	-0.16903085	3.0	4.0	3.0	2.0	627.08271742	11.0	4.0	3.0
1.0	0.83333331	1.0	0.88571429	0.03011864	0.38050863	0.68313005	7.0	0.0	2.0	3.0	649.16882944	67.0	5.0	3.0
0.98165137	0.91666669	0.99929528	0.91428571	0.121793	0.45410061	0.83666003	7.0	0.0	1.0	4.0	669.53388166	22.0	6.0	3.0
1.0	0.91666669	1.0	0.91428571	0.05491981	0.40788177	0.84515425	6.0	1.0	0.0	5.0	690.77939272	48.0	7.0	3.0
0.98165137	0.75	0.99929528	0.88571429	0.15940044	0.40822592	0.47809144	6.0	1.0	2.0	3.0	717.7100904	16.0	8.0	3.0
0.98165137	0.83333331	1.0	0.91428571	0.12624792	0.36978462	0.65714286	6.0	1.0	1.0	4.0	739.85742593	22.0	9.0	3.0
0.94444442	0.61538464	0.9881932	0.55	0.21324475	0.7958886	0.21957752	5.0	3.0	2.0	3.0	761.4968338	11.0	0.0	4.0
1.0	0.83333331	1.0	0.9375	0.01814243	0.29425111	0.625	7.0	1.0	1.0	3.0	787.30870032	105.0	1.0	4.0
0.98165137	0.91666669	0.9972028	0.90625	0.16225663	0.2921522	0.81649658	8.0	0.0	1.0	3.0	812.37962365	19.0	2.0	4.0
0.97247708	0.83333331	0.9918957	0.82857143	0.17142102	0.50581485	0.65714286	6.0	1.0	1.0	4.0	835.51998711	16.0	3.0	4.0
0.93577981	0.75	0.97603946	0.91428571	0.25409773	0.38011947	0.47809144	6.0	1.0	2.0	3.0	861.66536546	9.0	4.0	4.0
0.98165137	0.75	0.99929528	0.74285714	0.12941236	0.57946306	0.47809144	6.0	1.0	2.0	3.0	890.11093879	21.0	5.0	4.0
1.0	0.83333331	1.0	0.94285714	0.03625673	0.30345723	0.65714286	6.0	1.0	1.0	4.0	914.10303164	58.0	6.0	4.0
0.98165137	0.75	0.99682875	0.74285714	0.14941136	0.76291054	0.47809144	6.0	1.0	2.0	3.0	936.68590832	20.0	7.0	4.0
0.94495416	0.75	0.97463002	0.88571429	0.27533341	0.43988022	0.52915026	7.0	0.0	3.0	2.0	959.90054607	8.0	8.0	4.0
1.0	0.91666669	1.0	1.0	0.00109102	0.16274972	0.84515425	6.0	1.0	0.0	5.0	993.37853932	500.0	9.0	4.0
0.93518519	0.69230771	0.99033989	0.675	0.22851673	0.65686238	0.35	6.0	2.0	2.0	3.0	1017.99313474	12.0	0.0	5.0
0.96330273	0.75	0.96923077	0.75	0.26324023	0.49791852	0.40824829	7.0	1.0	2.0	2.0	1040.78721619	9.0	1.0	5.0
0.97247708	0.75	0.9958042	0.78125	0.17598032	0.59058386	0.47809144	6.0	2.0	1.0	3.0	1063.20411873	14.0	2.0	5.0
1.0	1.0	1.0	1.0	0.00095039	0.0175592	1.0	7.0	0.0	0.0	5.0	1099.75091839	500.0	3.0	5.0
1.0	0.91666669	1.0	0.97142857	0.02843944	0.24782924	0.83666003	7.0	0.0	1.0	4.0	1124.81769037	76.0	4.0	5.0
0.97247708	0.75	0.99894292	0.85714286	0.13971871	0.49204823	0.47809144	6.0	1.0	2.0	3.0	1148.69945335	20.0	5.0	5.0
0.99082571	0.83333331	1.0	0.82857143	0.09585034	0.67619592	0.68313005	7.0	0.0	2.0	3.0	1175.56542635	26.0	6.0	5.0
0.94495416	0.91666669	0.97322058	0.94285714	0.26438995	0.30916104	0.83666003	7.0	0.0	1.0	4.0	1198.1711545	9.0	7.0	5.0
0.99082571	0.83333331	1.0	0.85714286	0.08246026	0.51760668	0.68313005	7.0	0.0	2.0	3.0	1221.50547433	30.0	8.0	5.0
1.0	0.83333331	1.0	0.97142857	0.00466084	0.35029879	0.71428571	5.0	2.0	0.0	5.0	1250.69182301	231.0	9.0	5.0
1.0	0.92307693	1.0	0.975	0.0200417	0.22336581	0.85391256	7.0	1.0	0.0	5.0	1277.79898167	92.0	0.0	6.0
0.98165137	0.75	0.99965035	0.71875	0.1259765	0.53546232	0.42640143	8.0	0.0	3.0	1.0	1304.63844657	22.0	1.0	6.0
0.99082571	0.66666669	1.0	0.84375	0.08228447	0.48464146	0.35355339	5.0	3.0	1.0	3.0	1331.44564867	32.0	2.0	6.0
0.92660552	0.91666669	0.96969697	0.97142857	0.2864213	0.31496549	0.83666003	7.0	0.0	1.0	4.0	1352.78232861	8.0	3.0	6.0
1.0	0.83333331	1.0	0.88571429	0.02662295	0.42539486	0.65714286	6.0	1.0	1.0	4.0	1380.11863828	82.0	4.0	6.0
0.91743118	0.91666669	0.96969697	0.91428571	0.29358341	0.45594144	0.83666003	7.0	0.0	1.0	4.0	1404.03467584	8.0	5.0	6.0
0.98165137	0.83333331	0.99612403	0.77142857	0.18867488	0.71181607	0.65714286	6.0	1.0	1.0	4.0	1427.05266666	13.0	6.0	6.0
0.98165137	0.91666669	1.0	0.88571429	0.09606514	0.37381372	0.83666003	7.0	0.0	1.0	4.0	1451.22411156	30.0	7.0	6.0
0.99082571	0.75	0.99894292	0.74285714	0.12690077	0.70147628	0.47809144	6.0	1.0	2.0	3.0	1479.63697004	18.0	8.0	6.0
0.94495416	0.75	0.97498238	0.91428571	0.23435424	0.42113587	0.47809144	6.0	1.0	2.0	3.0	1502.85489941	11.0	9.0	6.0
0.97222221	0.76923078	0.99141324	0.8	0.1877105	0.68985051	0.53935989	8.0	0.0	3.0	2.0	1526.88253903	12.0	0.0	7.0
0.98165137	0.75	1.0	0.84375	0.12383276	0.48253259	0.42640143	8.0	0.0	3.0	1.0	1552.23726273	22.0	1.0	7.0
0.94495416	0.75	0.98426573	0.71875	0.20852477	0.61157817	0.47809144	6.0	2.0	1.0	3.0	1581.9607718	11.0	2.0	7.0
1.0	0.75	1.0	0.85714286	0.0321404	0.44313774	0.47809144	6.0	1.0	2.0	3.0	1614.87546444	66.0	3.0	7.0
1.0	0.91666669	1.0	1.0	0.00278405	0.1739345	0.83666003	7.0	0.0	1.0	4.0	1648.57352424	255.0	4.0	7.0
1.0	0.91666669	1.0	0.94285714	0.04632322	0.30930716	0.83666003	7.0	0.0	1.0	4.0	1672.12525773	56.0	5.0	7.0
1.0	0.75	1.0	1.0	0.01049315	0.32364678	0.5976143	4.0	3.0	0.0	5.0	1700.8793838	131.0	6.0	7.0
0.99082571	0.83333331	1.0	0.82857143	0.10705033	0.42753243	0.68313005	7.0	0.0	2.0	3.0	1727.82250953	25.0	7.0	7.0
0.92660552	0.66666669	0.98273432	0.77142857	0.25803764	0.62848419	0.29277002	6.0	1.0	3.0	2.0	1753.23218656	11.0	8.0	7.0
0.95412844	0.91666669	0.9901339	0.91428571	0.20076578	0.41131246	0.83666003	7.0	0.0	1.0	4.0	1780.81871176	13.0	9.0	7.0
0.9074074	0.69230771	0.96386404	0.475	0.29798655	0.76319849	0.31754265	7.0	1.0	3.0	2.0	1803.49621868	7.0	0.0	8.0
0.97247708	0.66666669	0.98391608	0.75	0.19538306	0.58212286	0.25	6.0	2.0	2.0	2.0	1830.78451252	13.0	1.0	8.0
0.99082571	0.83333331	1.0	0.96875	0.08343343	0.25494167	0.625	7.0	1.0	1.0	3.0	1858.29576373	36.0	2.0	8.0
1.0	0.75	1.0	0.94285714	0.02500679	0.43420163	0.47809144	6.0	1.0	2.0	3.0	1887.49340224	73.0	3.0	8.0
1.0	0.83333331	1.0	0.94285714	0.00370068	0.33306065	0.65714286	6.0	1.0	1.0	4.0	1923.0140214	258.0	4.0	8.0
0.97247708	0.75	0.98942918	0.77142857	0.20451441	0.68652916	0.47809144	6.0	1.0	2.0	3.0	1950.12727594	12.0	5.0	8.0
1.0	0.75	1.0	0.94285714	0.06052165	0.40093994	0.50709255	5.0	2.0	1.0	4.0	1982.20052838	42.0	6.0	8.0
1.0	0.91666669	1.0	1.0	0.0009644	0.09679822	0.83666003	7.0	0.0	1.0	4.0	2023.50610876	500.0	7.0	8.0
1.0	0.91666669	1.0	0.88571429	0.06589487	0.35628375	0.83666003	7.0	0.0	1.0	4.0	2053.29963589	41.0	8.0	8.0
0.91743118	0.75	0.96018323	0.71428571	0.31055587	0.62834507	0.47809144	6.0	1.0	2.0	3.0	2090.77443933	6.0	9.0	8.0
1.0	0.69230771	1.0	0.925	0.05329559	0.42839909	0.41475753	5.0	3.0	1.0	4.0	2120.34627318	47.0	0.0	9.0
0.99082571	0.91666669	1.0	0.9375	0.08134863	0.32033265	0.81649658	8.0	0.0	1.0	3.0	2152.89502954	34.0	1.0	9.0
1.0	0.83333331	1.0	0.9375	0.06290082	0.32529658	0.63245553	8.0	0.0	2.0	2.0	2181.30627155	44.0	2.0	9.0
1.0	0.75	1.0	0.94285714	0.00086592	0.28902924	0.47809144	6.0	1.0	2.0	3.0	2224.42960715	500.0	3.0	9.0
0.98165137	0.75	0.9901339	0.71428571	0.17685311	0.80151516	0.47809144	6.0	1.0	2.0	3.0	2253.37622714	13.0	4.0	9.0
0.97247708	0.83333331	0.98520085	0.74285714	0.21250302	0.60503	0.65714286	6.0	1.0	1.0	4.0	2287.22006869	13.0	5.0	9.0
1.0	0.75	1.0	0.88571429	0.02163346	0.39348206	0.50709255	5.0	2.0	1.0	4.0	2318.20131326	85.0	6.0	9.0
0.98165137	0.83333331	0.99682875	0.82857143	0.15915776	0.55561686	0.68313005	7.0	0.0	2.0	3.0	2349.66860652	15.0	7.0	9.0
0.98165137	0.83333331	1.0	0.94285714	0.11721247	0.32626414	0.65714286	6.0	1.0	1.0	4.0	2377.01136684	24.0	8.0	9.0
0.98165137	0.83333331	0.98414376	0.68571429	0.20674823	0.54957461	0.68313005	7.0	0.0	2.0	3.0	2409.24139214	11.0	9.0	9.0
1.0	0.69230771	1.0	0.8	0.04888728	0.51302046	0.35	6.0	2.0	2.0	3.0	2441.20636725	51.0	0.0	10.0
0.93577981	0.83333331	0.97832168	0.90625	0.2666563	0.39009443	0.625	7.0	1.0	1.0	3.0	2476.50954843	9.0	1.0	10.0
1.0	0.83333331	1.0	0.90625	0.00293969	0.32335743	0.625	7.0	1.0	1.0	3.0	2513.9466722	285.0	2.0	10.0
0.96330273	0.83333331	0.98343904	0.94285714	0.20609737	0.35369658	0.68313005	7.0	0.0	2.0	3.0	2539.89717913	12.0	3.0	10.0
0.98165137	0.83333331	0.99964764	0.74285714	0.12780258	0.64482111	0.65714286	6.0	1.0	1.0	4.0	2568.89202166	22.0	4.0	10.0
0.98165137	0.91666669	0.99577167	0.8	0.15657259	0.60971296	0.83666003	7.0	0.0	1.0	4.0	2598.66036415	15.0	5.0	10.0
0.98165137	0.75	0.99788584	0.71428571	0.14297943	0.62166458	0.52915026	7.0	0.0	3.0	2.0	2630.53381681	19.0	6.0	10.0
0.97247708	0.75	0.99506695	0.85714286	0.17866302	0.49881244	0.50709255	5.0	2.0	1.0	4.0	2657.20470023	15.0	7.0	10.0
1.0	0.91666669	1.0	0.97142857	0.00094031	0.1944982	0.84515425	6.0	1.0	0.0	5.0	2701.13337612	500.0	8.0	10.0
1.0	1.0	1.0	1.0	0.00107575	0.02700004	1.0	7.0	0.0	0.0	5.0	2747.5543077	500.0	9.0	10.0
