train_acc	val_acc	train_auc	val_auc	train_loss	val_loss	val_mmc	tn	fp	fn	tp	time	ep_stopped	index_fold	seed
0.99519229	0.83333331	1.0	0.95833333	0.06468456	0.32057915	0.6761234	11.0	1.0	3.0	9.0	96.5919199	56.0	0.0	1.0
0.95192307	0.875	0.99334073	0.95833333	0.16341174	0.28285724	0.77459667	12.0	0.0	3.0	9.0	124.51938105	25.0	1.0	1.0
0.89952153	0.69565219	0.97407	0.82575758	0.26725687	0.55466365	0.39393939	8.0	4.0	3.0	8.0	152.83686996	9.0	2.0	1.0
1.0	0.9130435	1.0	0.96212121	0.01430451	0.22227173	0.82575758	11.0	1.0	1.0	10.0	187.49921632	166.0	3.0	1.0
0.98086125	0.78260869	0.99706906	0.93939394	0.12950671	0.31673899	0.58930667	10.0	1.0	4.0	8.0	216.14481378	35.0	4.0	1.0
1.0	0.9130435	1.0	0.99242424	0.01646712	0.13441648	0.83743579	9.0	2.0	0.0	12.0	248.63738394	148.0	5.0	1.0
0.90430623	0.9130435	0.98241436	0.90909091	0.25104196	0.40789511	0.82575758	10.0	1.0	1.0	11.0	293.16107869	10.0	6.0	1.0
1.0	0.9130435	1.0	0.97727273	0.00378658	0.1801059	0.83971912	11.0	0.0	2.0	10.0	330.72176504	322.0	7.0	1.0
0.96172249	0.73913044	0.99056604	0.87121212	0.20270303	0.4354574	0.48856385	9.0	2.0	4.0	8.0	358.85530996	19.0	8.0	1.0
0.99043059	0.78260869	0.99871771	0.88636364	0.12318238	0.40744825	0.56818182	9.0	2.0	3.0	9.0	389.99988389	43.0	9.0	1.0
0.96634614	0.83333331	0.99315575	0.95138889	0.16533872	0.29803289	0.6761234	11.0	1.0	3.0	9.0	421.04717875	25.0	0.0	2.0
0.99038464	0.83333331	0.99778024	0.90972222	0.10733664	0.46908315	0.70710678	12.0	0.0	4.0	8.0	450.59505939	34.0	1.0	2.0
1.0	0.95652175	1.0	1.0	0.00093709	0.12122634	0.91605722	12.0	0.0	1.0	10.0	499.29594803	500.0	2.0	2.0
0.92822969	0.78260869	0.98314092	0.90151515	0.2346145	0.4108248	0.56818182	9.0	3.0	2.0	9.0	529.03166819	13.0	3.0	2.0
0.9665072	0.9130435	0.98809306	0.93181818	0.19790248	0.28746549	0.82575758	10.0	1.0	1.0	11.0	557.43834996	21.0	4.0	2.0
0.88516748	0.73913044	0.97646089	0.86363636	0.27726398	0.50053581	0.47727273	8.0	3.0	3.0	9.0	587.01067758	10.0	5.0	2.0
0.98564595	0.9130435	0.99880931	0.9469697	0.10226632	0.28176509	0.83971912	11.0	0.0	2.0	10.0	615.71952415	43.0	6.0	2.0
1.0	0.95652175	1.0	1.0	0.00659458	0.10028123	0.91666667	11.0	0.0	1.0	11.0	653.96505642	245.0	7.0	2.0
1.0	0.86956519	1.0	0.9469697	0.03879617	0.320483	0.74047959	9.0	2.0	1.0	11.0	686.57201576	101.0	8.0	2.0
0.97607654	0.82608694	0.99532881	0.92424242	0.14288947	0.47864646	0.66414149	10.0	1.0	3.0	9.0	718.37597942	32.0	9.0	2.0
0.91826922	0.91666669	0.98381428	0.88194444	0.23588569	0.48955234	0.84515425	10.0	2.0	0.0	12.0	748.74949169	9.0	0.0	3.0
1.0	0.95833331	1.0	0.98611111	0.021638	0.12714203	0.91986621	12.0	0.0	1.0	11.0	785.23624539	129.0	1.0	3.0
0.96172249	0.73913044	0.99376947	0.91666667	0.1787544	0.41410651	0.48856385	8.0	4.0	2.0	9.0	815.22853613	28.0	2.0	3.0
1.0	0.86956519	1.0	0.9469697	0.04855435	0.25551611	0.74047959	11.0	1.0	2.0	9.0	848.33910322	67.0	3.0	3.0
0.94258374	0.78260869	0.98855102	0.86363636	0.2057882	0.4000753	0.58930667	10.0	1.0	4.0	8.0	879.41519761	18.0	4.0	3.0
0.95215309	0.82608694	0.99047445	0.95454545	0.1880401	0.27904574	0.65909298	8.0	3.0	1.0	11.0	910.31903291	20.0	5.0	3.0
0.9665072	0.73913044	0.99468767	0.88636364	0.14400264	0.43510967	0.48856385	9.0	2.0	4.0	8.0	940.99571347	31.0	6.0	3.0
0.90430623	0.73913044	0.98122367	0.84090909	0.25399896	0.48041013	0.48856385	9.0	2.0	4.0	8.0	969.97037864	11.0	7.0	3.0
0.90909094	0.86956519	0.97224766	0.91666667	0.26656841	0.31086512	0.76764947	11.0	0.0	3.0	9.0	999.84939265	9.0	8.0	3.0
0.94736844	0.86956519	0.99203151	0.96969697	0.18899446	0.31132452	0.74242424	10.0	1.0	2.0	10.0	1030.98494339	23.0	9.0	3.0
0.91826922	0.79166669	0.97697003	0.84722222	0.24815078	0.53109688	0.58536941	10.0	2.0	3.0	9.0	1061.32507706	10.0	0.0	4.0
0.94711536	0.83333331	0.98862375	0.94444444	0.20608459	0.28793631	0.6761234	11.0	1.0	3.0	9.0	1093.26219177	18.0	1.0	4.0
0.98564595	0.9130435	0.99642661	0.93939394	0.12590471	0.27502448	0.82575758	11.0	1.0	1.0	10.0	1126.83954501	35.0	2.0	4.0
0.90430623	0.9130435	0.98350742	0.89393939	0.26012169	0.45122093	0.82575758	11.0	1.0	1.0	10.0	1158.60794616	10.0	3.0	4.0
1.0	0.95652175	1.0	1.0	0.00092513	0.09614379	0.91666667	11.0	0.0	1.0	11.0	1213.13275933	500.0	4.0	4.0
0.98086125	0.82608694	0.99752702	0.96969697	0.12125664	0.34630208	0.6992059	11.0	0.0	4.0	8.0	1244.94067287	34.0	5.0	4.0
0.95215309	0.82608694	0.98955853	0.92424242	0.20000089	0.38329879	0.65151515	9.0	2.0	2.0	10.0	1274.73185778	19.0	6.0	4.0
0.93301433	0.86956519	0.98003297	0.96969697	0.23365128	0.30072388	0.76764947	11.0	0.0	3.0	9.0	1305.43101978	13.0	7.0	4.0
1.0	0.86956519	1.0	0.96212121	0.00111813	0.21297121	0.74242424	10.0	1.0	2.0	10.0	1357.98828197	500.0	8.0	4.0
1.0	0.9130435	1.0	0.9469697	0.01191404	0.23429855	0.82575758	10.0	1.0	1.0	11.0	1396.88910627	197.0	9.0	4.0
0.99519229	0.91666669	1.0	0.96527778	0.06113899	0.26803089	0.84515425	12.0	0.0	2.0	10.0	1430.97546005	58.0	0.0	5.0
0.88942307	0.79166669	0.97438032	0.875	0.26327599	0.52392505	0.60246408	11.0	1.0	4.0	8.0	1464.3276813	8.0	1.0	5.0
0.98564595	0.9130435	0.99871724	0.95454545	0.11370349	0.2440274	0.82575758	11.0	1.0	1.0	10.0	1496.50482154	39.0	2.0	5.0
1.0	0.95652175	1.0	0.97727273	0.00182627	0.18345266	0.91605722	12.0	0.0	1.0	10.0	1546.09534383	382.0	3.0	5.0
0.97129184	0.78260869	0.99560359	0.92424242	0.15407286	0.36371948	0.56818182	9.0	2.0	3.0	9.0	1579.13100863	31.0	4.0	5.0
0.92822969	0.82608694	0.98186481	0.9469697	0.23258122	0.30210761	0.66414149	10.0	1.0	3.0	9.0	1609.96498656	15.0	5.0	5.0
0.90430623	0.82608694	0.97957501	0.82575758	0.26313061	0.58211778	0.65151515	9.0	2.0	2.0	10.0	1640.54603672	10.0	6.0	5.0
0.99043059	0.9130435	0.99789339	0.96212121	0.11209452	0.25156312	0.83971912	11.0	0.0	2.0	10.0	1673.53489304	45.0	7.0	5.0
1.0	0.9130435	1.0	0.93939394	0.03296511	0.32617371	0.83743579	9.0	2.0	0.0	12.0	1708.36355066	94.0	8.0	5.0
0.91866028	0.78260869	0.97884228	0.82575758	0.24219831	0.48038443	0.63327851	11.0	0.0	5.0	7.0	1739.13609481	12.0	9.0	5.0
0.97115386	0.91666669	0.99648539	0.89583333	0.16907582	0.47297227	0.83333333	11.0	1.0	1.0	11.0	1772.46195698	23.0	0.0	6.0
0.9375	0.75	0.98890122	0.94444444	0.19869335	0.39477185	0.57735027	12.0	0.0	6.0	6.0	1804.12511659	16.0	1.0	6.0
0.97129184	0.78260869	0.99486898	0.93939394	0.14010891	0.3085041	0.56818182	9.0	3.0	2.0	9.0	1837.74772096	31.0	2.0	6.0
1.0	0.95652175	1.0	1.0	0.00109748	0.05639865	0.91666667	11.0	1.0	0.0	11.0	1891.93450904	500.0	3.0	6.0
0.94258374	0.86956519	0.98790987	0.95454545	0.21400089	0.33016081	0.76764947	11.0	0.0	3.0	9.0	1924.18651938	17.0	4.0	6.0
0.97607654	0.82608694	0.99395494	0.90151515	0.14111059	0.37434204	0.65151515	9.0	2.0	2.0	10.0	1958.62533021	33.0	5.0	6.0
0.91866028	0.82608694	0.9842462	0.92424242	0.24223313	0.38963083	0.65151515	9.0	2.0	2.0	10.0	1989.46372366	14.0	6.0	6.0
0.9952153	0.73913044	0.99990841	0.87121212	0.08295725	0.47788125	0.48856385	9.0	2.0	4.0	8.0	2021.89126778	45.0	7.0	6.0
0.91866028	0.78260869	0.98461257	0.86363636	0.24970194	0.48878175	0.58930667	10.0	1.0	4.0	8.0	2054.13658643	12.0	8.0	6.0
0.98086125	0.86956519	0.99532881	1.0	0.14472022	0.23835367	0.76277007	8.0	3.0	0.0	12.0	2104.03484011	28.0	9.0	6.0
0.90384614	0.79166669	0.97891232	0.84722222	0.26029907	0.51095185	0.58536941	9.0	3.0	2.0	10.0	2138.89708853	9.0	0.0	7.0
0.97115386	0.91666669	0.99602294	0.95833333	0.13750555	0.29524736	0.84515425	12.0	0.0	2.0	10.0	2172.59881115	29.0	1.0	7.0
1.0	0.95652175	1.0	1.0	0.0054945	0.08335719	0.91666667	11.0	1.0	0.0	11.0	2219.49073744	269.0	2.0	7.0
0.99043059	0.86956519	0.99734286	0.92424242	0.11209039	0.35973167	0.74242424	10.0	2.0	1.0	10.0	2255.70933127	51.0	3.0	7.0
0.9952153	0.82608694	0.99990841	0.93181818	0.07208301	0.34336363	0.66414149	10.0	1.0	3.0	9.0	2291.3241272	56.0	4.0	7.0
0.99043059	0.78260869	0.99734384	0.85606061	0.10758774	0.44577379	0.56818182	9.0	2.0	3.0	9.0	2325.15362287	40.0	5.0	7.0
0.95693779	0.82608694	0.99377175	0.93181818	0.17663189	0.35094755	0.65151515	9.0	2.0	2.0	10.0	2358.17653728	25.0	6.0	7.0
1.0	0.95652175	1.0	1.0	0.00572205	0.06932432	0.91605722	10.0	1.0	0.0	12.0	2405.48255992	277.0	7.0	7.0
0.95215309	0.78260869	0.991024	0.93939394	0.17191992	0.41659119	0.63327851	11.0	0.0	5.0	7.0	2441.41209912	25.0	8.0	7.0
0.88516748	0.86956519	0.97481224	0.85606061	0.27538856	0.52019899	0.74242424	10.0	1.0	2.0	10.0	2474.4205451	9.0	9.0	7.0
1.0	0.95833331	1.0	0.97916667	0.02405917	0.14591134	0.91986621	11.0	1.0	0.0	12.0	2515.25198388	129.0	0.0	8.0
0.96153843	0.875	0.99176841	0.86805556	0.1542076	0.41793745	0.75261781	11.0	1.0	2.0	10.0	2552.14479208	25.0	1.0	8.0
0.92344499	0.82608694	0.9888217	0.92424242	0.22021789	0.35120004	0.65151515	10.0	2.0	2.0	9.0	2588.25236869	15.0	2.0	8.0
0.98086125	0.95652175	0.99404435	1.0	0.15763523	0.18709775	0.91605722	12.0	0.0	1.0	10.0	2623.00854254	30.0	3.0	8.0
0.90430623	0.73913044	0.97334677	0.92424242	0.28533352	0.37804893	0.50168817	6.0	5.0	1.0	11.0	2665.10453391	10.0	4.0	8.0
0.88995218	0.69565219	0.97875069	0.79545455	0.24020786	0.6355653	0.39393939	8.0	3.0	4.0	8.0	2699.08659458	8.0	5.0	8.0
0.9665072	0.65217394	0.99358857	0.84090909	0.16301609	0.5125867	0.31298622	8.0	3.0	5.0	7.0	2733.26392937	26.0	6.0	8.0
0.95215309	0.9130435	0.99047445	0.93181818	0.18502991	0.30977715	0.83971912	11.0	0.0	2.0	10.0	2767.56336236	22.0	7.0	8.0
0.9952153	0.82608694	0.9989009	0.90909091	0.09889704	0.3632712	0.66414149	10.0	1.0	3.0	9.0	2803.35527945	52.0	8.0	8.0
1.0	0.95652175	1.0	0.95454545	0.02275101	0.19863559	0.91666667	11.0	0.0	1.0	11.0	2846.95160246	143.0	9.0	8.0
1.0	0.91666669	1.0	0.98611111	0.05530627	0.17984909	0.84515425	12.0	0.0	2.0	10.0	2885.86318588	73.0	0.0	9.0
0.97596157	0.79166669	0.99306326	0.85416667	0.17375978	0.47192775	0.58536941	10.0	2.0	3.0	9.0	2925.30014014	26.0	1.0	9.0
0.94736844	0.86956519	0.98927982	0.96212121	0.19245228	0.27713389	0.76277007	12.0	0.0	3.0	8.0	2960.53658271	18.0	2.0	9.0
0.91866028	0.60869563	0.98259117	0.68181818	0.23166537	0.96670693	0.21374669	8.0	4.0	5.0	6.0	2997.85782194	8.0	3.0	9.0
0.98564595	0.78260869	0.99487086	0.92424242	0.14380864	0.35253319	0.56490196	8.0	3.0	2.0	10.0	3033.94671988	32.0	4.0	9.0
1.0	0.9130435	1.0	0.98484848	0.00122687	0.20315306	0.82575758	10.0	1.0	1.0	11.0	3091.60917902	436.0	5.0	9.0
1.0	0.95652175	1.0	0.99242424	0.0263799	0.11723363	0.91666667	11.0	0.0	1.0	11.0	3135.01838827	130.0	6.0	9.0
0.93301433	0.82608694	0.98369665	0.93181818	0.22446543	0.35911176	0.65151515	9.0	2.0	2.0	10.0	3169.74837565	17.0	7.0	9.0
1.0	0.9130435	1.0	0.98484848	0.01458363	0.18619947	0.83971912	11.0	0.0	2.0	10.0	3215.6786952	165.0	8.0	9.0
1.0	0.9130435	1.0	0.98484848	0.03445558	0.23422456	0.83743579	9.0	2.0	0.0	12.0	3256.51095915	99.0	9.0	9.0
0.88942307	0.83333331	0.98436922	0.88194444	0.26974018	0.47234979	0.66666667	10.0	2.0	2.0	10.0	3291.31951189	10.0	0.0	10.0
1.0	0.91666669	1.0	0.96527778	0.05108081	0.23948857	0.84515425	12.0	0.0	2.0	10.0	3329.68593526	68.0	1.0	10.0
0.98564595	0.86956519	0.99624336	0.92424242	0.12308256	0.38197171	0.74242424	10.0	2.0	1.0	10.0	3367.02956581	33.0	2.0	10.0
1.0	0.86956519	1.0	0.90151515	0.05453102	0.36996513	0.74047959	11.0	1.0	2.0	9.0	3407.34321618	77.0	3.0	10.0
0.97607654	0.86956519	0.99248947	0.98484848	0.16457619	0.22023587	0.74047959	9.0	2.0	1.0	11.0	3445.46515441	26.0	4.0	10.0
0.98086125	0.9130435	0.99542041	0.95454545	0.13276989	0.33287281	0.83971912	11.0	0.0	2.0	10.0	3481.46889186	35.0	5.0	10.0
0.95215309	0.69565219	0.99065763	0.82575758	0.18657968	0.50166818	0.41096386	9.0	2.0	5.0	7.0	3518.57483673	21.0	6.0	10.0
0.97129184	0.86956519	0.99450449	1.0	0.14854745	0.25779906	0.76764947	11.0	0.0	3.0	9.0	3554.9202013	28.0	7.0	10.0
0.90909094	0.65217394	0.98250595	0.8030303	0.2498224	0.52668886	0.33371191	9.0	2.0	6.0	6.0	3598.60007286	15.0	8.0	10.0
0.9952153	0.86956519	0.99990841	0.98484848	0.08168972	0.2408424	0.76277007	8.0	3.0	0.0	12.0	3636.84976625	47.0	9.0	10.0
