train_acc	val_acc	train_auc	val_auc	train_loss	val_loss	val_mmc	tn	fp	fn	tp	time	ep_stopped	index_fold	seed
0.67841411	0.69230771	0.73911565	0.41176471	0.60254513	0.68984335	0.27487371	1.0	8.0	0.0	17.0	100.59017301	11.0	0.0	1.0
0.69162995	0.61538464	0.75918367	0.48366013	0.58785724	0.70725293	-0.14552138	0.0	9.0	1.0	16.0	130.1564393	13.0	1.0	1.0
0.63436121	0.61538464	0.68307823	0.60784314	0.62863703	0.64668512	-0.14552138	0.0	9.0	1.0	16.0	159.68958545	6.0	2.0	1.0
0.74561405	0.72000003	0.8377425	0.58088235	0.53693207	0.6206309	0.27443022	2.0	6.0	1.0	16.0	192.40527153	24.0	3.0	1.0
0.85087717	0.72000003	0.946875	0.73611111	0.43364516	0.57817519	0.39317855	2.0	7.0	0.0	16.0	224.42001534	43.0	4.0	1.0
0.67543858	0.63999999	0.75481419	0.55555556	0.59592339	0.64783176	0.0	0.0	9.0	0.0	16.0	259.51390171	9.0	5.0	1.0
0.66666669	0.60000002	0.71047297	0.49305556	0.6084492	0.68986539	-0.15309311	0.0	9.0	1.0	15.0	296.94372272	8.0	6.0	1.0
0.83771932	0.72000003	0.94484797	0.70833333	0.40416952	0.59179322	0.35902456	4.0	5.0	2.0	14.0	348.26462555	69.0	7.0	1.0
0.75877196	0.63999999	0.84695946	0.51388889	0.5239497	0.72293385	0.08600781	1.0	8.0	1.0	15.0	382.60135198	21.0	8.0	1.0
0.92543858	0.68000001	0.98226351	0.86111111	0.30076966	0.48992867	0.25	3.0	6.0	2.0	14.0	423.73250723	143.0	9.0	1.0
0.77533042	0.69230771	0.87916667	0.75816993	0.50374556	0.5727041	0.24331548	2.0	7.0	1.0	16.0	468.60480547	35.0	0.0	2.0
0.74449337	0.65384614	0.84719388	0.56862745	0.53336481	0.66139782	0.09335201	1.0	8.0	1.0	16.0	498.9828546	25.0	1.0	2.0
0.80616742	0.61538464	0.90586735	0.64705882	0.46167156	0.59935694	0.05522779	2.0	7.0	3.0	14.0	532.95936465	63.0	2.0	2.0
0.85526317	0.63999999	0.91458806	0.71323529	0.44224698	0.57682528	0.08574929	2.0	6.0	3.0	14.0	571.25588846	49.0	3.0	2.0
0.67105263	0.63999999	0.72922297	0.45833333	0.60079269	0.67881193	0.0	0.0	9.0	0.0	16.0	607.94846106	9.0	4.0	2.0
0.67543858	0.63999999	0.73986486	0.44444444	0.59173425	0.70642952	0.0	0.0	9.0	0.0	16.0	650.54411054	11.0	5.0	2.0
0.85087717	0.68000001	0.92576014	0.64583333	0.42308761	0.62222583	0.27468517	4.0	5.0	3.0	13.0	694.52765274	60.0	6.0	2.0
0.72368419	0.60000002	0.82238176	0.61111111	0.54349519	0.65329263	-0.02051525	1.0	8.0	2.0	14.0	733.48801279	21.0	7.0	2.0
0.79385966	0.72000003	0.88859797	0.625	0.4821056	0.64288277	0.35460407	3.0	6.0	1.0	15.0	765.031147	38.0	8.0	2.0
0.68421054	0.60000002	0.72280405	0.55555556	0.60640207	0.6561624	-0.15309311	0.0	9.0	1.0	15.0	809.22615743	9.0	9.0	2.0
0.70484579	0.61538464	0.81241497	0.60784314	0.55427395	0.62714552	-0.00973262	1.0	8.0	2.0	15.0	840.12228847	20.0	0.0	3.0
0.67400879	0.65384614	0.68554422	0.55555556	0.61693472	0.66932528	0.0	0.0	9.0	0.0	17.0	875.91735625	8.0	1.0	3.0
0.83700442	0.76923078	0.90748299	0.63398693	0.4407543	0.63154986	0.49636359	3.0	6.0	0.0	17.0	911.31608176	51.0	2.0	3.0
0.86403507	0.63999999	0.94196691	0.61764706	0.3855416	0.6174493	0.08574929	2.0	6.0	3.0	14.0	948.11922193	96.0	3.0	3.0
0.70614034	0.63999999	0.77119932	0.42361111	0.57811609	0.74610131	0.12729377	2.0	7.0	2.0	14.0	981.03638411	11.0	4.0	3.0
0.90789473	0.72000003	0.96672297	0.78472222	0.3611589	0.55058085	0.35902456	4.0	5.0	2.0	14.0	1021.33348775	97.0	5.0	3.0
0.71052629	0.60000002	0.85092905	0.60416667	0.53309923	0.6691644	-0.15309311	0.0	9.0	1.0	15.0	1065.09113741	22.0	6.0	3.0
0.65350878	0.68000001	0.69341216	0.54861111	0.61830331	0.6592377	0.23592536	2.0	7.0	1.0	15.0	1103.22115326	8.0	7.0	3.0
0.7368421	0.63999999	0.79282095	0.5625	0.55757905	0.65011962	0.0	0.0	9.0	0.0	16.0	1136.13475084	17.0	8.0	3.0
0.70614034	0.63999999	0.79391892	0.58333333	0.57217576	0.6609097	0.0	0.0	9.0	0.0	16.0	1171.37089705	16.0	9.0	3.0
0.68722469	0.57692307	0.75085034	0.53594771	0.59290258	0.67796494	-0.08618128	1.0	8.0	3.0	14.0	1210.15489006	8.0	0.0	4.0
0.91629958	0.61538464	0.97083333	0.64705882	0.34229365	0.62919728	0.05522779	2.0	7.0	3.0	14.0	1245.41600418	104.0	1.0	4.0
0.70484579	0.65384614	0.73707483	0.48366013	0.59982469	0.67379364	0.0	0.0	9.0	0.0	17.0	1277.46261573	11.0	2.0	4.0
0.74561405	0.72000003	0.86688503	0.63970588	0.5295803	0.59830516	0.27443022	2.0	6.0	1.0	16.0	1319.89689946	22.0	3.0	4.0
0.7280702	0.63999999	0.88412162	0.5625	0.5112324	0.68710273	0.12729377	2.0	7.0	2.0	14.0	1365.37664866	26.0	4.0	4.0
0.91666669	0.63999999	0.97939189	0.58333333	0.30816817	0.6639064	0.12729377	2.0	7.0	2.0	14.0	1402.18238091	124.0	5.0	4.0
0.66666669	0.60000002	0.68902027	0.50694444	0.62153158	0.66468344	-0.15309311	0.0	9.0	1.0	15.0	1439.17455506	6.0	6.0	4.0
0.85964912	0.68000001	0.91689189	0.72222222	0.43377036	0.58633291	0.25	3.0	6.0	2.0	14.0	1474.64395547	52.0	7.0	4.0
0.69736844	0.51999998	0.82516892	0.36805556	0.56507941	0.72791435	-0.27695585	0.0	9.0	3.0	13.0	1513.66764736	11.0	8.0	4.0
0.95175439	0.75999999	0.98716216	0.86111111	0.2664873	0.49649606	0.49236596	3.0	6.0	0.0	16.0	1565.00661492	154.0	9.0	4.0
0.70484579	0.65384614	0.7670068	0.40522876	0.5842955	0.69050821	0.09335201	1.0	8.0	1.0	16.0	1611.72546554	9.0	0.0	5.0
0.66519827	0.65384614	0.70127551	0.54248366	0.61861789	0.65622219	0.0	0.0	9.0	0.0	17.0	1644.51669002	7.0	1.0	5.0
0.70044053	0.65384614	0.80136054	0.37254902	0.57094697	0.69764522	0.0	0.0	9.0	0.0	17.0	1679.89283967	14.0	2.0	5.0
0.78947371	0.72000003	0.87595532	0.48529412	0.49894162	0.65645329	0.29755952	1.0	7.0	0.0	17.0	1717.48246145	39.0	3.0	5.0
0.66228068	0.60000002	0.76334459	0.5	0.5936858	0.70086276	-0.15309311	0.0	9.0	1.0	15.0	1752.01911116	11.0	4.0	5.0
0.93859649	0.63999999	0.98555743	0.64583333	0.29721874	0.66548149	0.16390252	3.0	6.0	3.0	13.0	1798.92768574	126.0	5.0	5.0
0.7850877	0.63999999	0.86148649	0.625	0.52133165	0.63416954	0.08600781	1.0	8.0	1.0	15.0	1840.60400558	28.0	6.0	5.0
0.83771932	0.51999998	0.91722973	0.58333333	0.44594303	0.65367041	-0.096511	2.0	7.0	5.0	11.0	1875.91440082	50.0	7.0	5.0
0.69298244	0.63999999	0.73885135	0.47222222	0.60332655	0.67979141	0.0	0.0	9.0	0.0	16.0	1917.40640759	11.0	8.0	5.0
0.78070176	0.60000002	0.88673986	0.68055556	0.49256567	0.62679473	-0.15309311	0.0	9.0	1.0	15.0	1952.87130642	34.0	9.0	5.0
0.65198237	0.65384614	0.68180272	0.58169935	0.62021996	0.63325995	0.0	0.0	9.0	0.0	17.0	1996.40785789	9.0	0.0	6.0
0.73127753	0.61538464	0.83971088	0.55555556	0.53212253	0.67975689	-0.14552138	0.0	9.0	1.0	16.0	2037.23564959	26.0	1.0	6.0
0.88986784	0.76923078	0.9622449	0.75163399	0.36881476	0.52598468	0.49636359	3.0	6.0	0.0	17.0	2082.32966089	111.0	2.0	6.0
0.67105263	0.68000001	0.69244982	0.53676471	0.6181556	0.64085972	0.0	0.0	8.0	0.0	17.0	2118.71652651	10.0	3.0	6.0
0.74122804	0.60000002	0.85228041	0.43055556	0.53997192	0.70064739	-0.15309311	0.0	9.0	1.0	15.0	2161.06584072	26.0	4.0	6.0
0.65789473	0.60000002	0.74282095	0.66666667	0.59424758	0.65160444	-0.15309311	0.0	9.0	1.0	15.0	2200.66834211	9.0	5.0	6.0
0.83771932	0.63999999	0.93074324	0.66666667	0.44171201	0.64476567	0.08600781	1.0	8.0	1.0	15.0	2238.01378989	50.0	6.0	6.0
0.81578946	0.63999999	0.9214527	0.64583333	0.44315645	0.65454199	0.12729377	2.0	7.0	2.0	14.0	2283.40005016	47.0	7.0	6.0
0.7631579	0.63999999	0.86309122	0.66666667	0.51204922	0.61988279	0.08600781	1.0	8.0	1.0	15.0	2318.97683311	27.0	8.0	6.0
0.95175439	0.68000001	0.99611486	0.77083333	0.22429735	0.55927656	0.34247476	6.0	3.0	5.0	11.0	2369.49547195	210.0	9.0	6.0
0.70044053	0.57692307	0.8125	0.53594771	0.56319809	0.66773108	-0.21004201	0.0	9.0	2.0	15.0	2403.71289349	13.0	0.0	7.0
0.63436121	0.57692307	0.6454932	0.50326797	0.63070106	0.69492139	-0.21004201	0.0	9.0	2.0	15.0	2442.28345895	6.0	1.0	7.0
0.80616742	0.73076922	0.88137755	0.64052288	0.48093157	0.62300399	0.36196138	3.0	6.0	1.0	16.0	2486.37768269	39.0	2.0	7.0
0.67982459	0.63999999	0.71227009	0.64705882	0.61250245	0.61993953	-0.14002801	0.0	8.0	1.0	16.0	2524.40379214	8.0	3.0	7.0
0.75438595	0.60000002	0.84560811	0.46527778	0.52774328	0.70714864	0.04166667	2.0	7.0	3.0	13.0	2565.06084657	28.0	4.0	7.0
0.65789473	0.63999999	0.70363176	0.49305556	0.61479006	0.6853355	0.0	0.0	9.0	0.0	16.0	2600.64455986	8.0	5.0	7.0
0.7368421	0.63999999	0.83918919	0.63888889	0.54951145	0.63180619	0.0	0.0	9.0	0.0	16.0	2636.49860072	20.0	6.0	7.0
0.73245615	0.68000001	0.80709459	0.65277778	0.55467323	0.6217986	0.27216553	1.0	8.0	0.0	16.0	2673.97783041	21.0	7.0	7.0
0.65789473	0.63999999	0.74113176	0.47916667	0.60168238	0.67298891	0.0	0.0	9.0	0.0	16.0	2716.92214894	9.0	8.0	7.0
0.79824561	0.56	0.90076014	0.54861111	0.47601096	0.70526431	-0.22116293	0.0	9.0	2.0	14.0	2757.36970639	35.0	9.0	7.0
0.67841411	0.65384614	0.71862245	0.43137255	0.60466196	0.67384671	0.0	0.0	9.0	0.0	17.0	2795.77147055	10.0	0.0	8.0
0.82378852	0.69230771	0.8880102	0.63398693	0.47815395	0.63756048	0.27487371	1.0	8.0	0.0	17.0	2845.71235585	40.0	1.0	8.0
0.75330395	0.69230771	0.81641156	0.60130719	0.54524209	0.62676675	0.27487371	1.0	8.0	0.0	17.0	2885.46139288	21.0	2.0	8.0
0.66666669	0.60000002	0.7095826	0.45588235	0.6122294	0.66700672	-0.20228869	0.0	8.0	2.0	15.0	2920.70257688	11.0	3.0	8.0
0.89035088	0.68000001	0.95380068	0.65277778	0.36161676	0.6463816	0.27468517	4.0	5.0	3.0	13.0	2963.30844641	100.0	4.0	8.0
1.0	0.75999999	1.0	0.79166667	0.12415248	0.53391124	0.47916667	6.0	3.0	3.0	13.0	3032.55514121	366.0	5.0	8.0
0.78070176	0.63999999	0.85329392	0.49305556	0.52880099	0.70192849	0.12729377	2.0	7.0	2.0	14.0	3073.21142983	23.0	6.0	8.0
0.80263156	0.68000001	0.90295608	0.625	0.47178733	0.61248298	0.25	3.0	6.0	2.0	14.0	3115.94990683	43.0	7.0	8.0
0.69736844	0.56	0.78673986	0.34722222	0.57449503	0.74875328	-0.22116293	0.0	9.0	2.0	14.0	3159.28838682	13.0	8.0	8.0
0.7149123	0.68000001	0.80295608	0.47916667	0.56760592	0.68367725	0.27216553	1.0	8.0	0.0	16.0	3195.81282759	11.0	9.0	8.0
0.82819384	0.65384614	0.9087585	0.66666667	0.44980465	0.62069131	0.17712298	3.0	6.0	3.0	14.0	3239.00862932	59.0	0.0	9.0
0.77973568	0.53846157	0.85008503	0.54901961	0.52156582	0.66645816	-0.26278072	0.0	9.0	3.0	14.0	3277.41890478	27.0	1.0	9.0
0.85462552	0.69230771	0.94676871	0.82352941	0.41485029	0.52536318	0.24331548	2.0	7.0	1.0	16.0	3316.64187598	63.0	2.0	9.0
0.85087717	0.68000001	0.93499622	0.71323529	0.41252606	0.57169525	0.26470588	4.0	4.0	4.0	13.0	3363.63261533	77.0	3.0	9.0
0.66228068	0.63999999	0.67483108	0.55555556	0.62509355	0.66829058	0.0	0.0	9.0	0.0	16.0	3402.90065479	8.0	4.0	9.0
0.83333331	0.63999999	0.91038851	0.51388889	0.46540813	0.68387066	0.08600781	1.0	8.0	1.0	15.0	3443.79788971	41.0	5.0	9.0
0.72368419	0.63999999	0.82972973	0.66666667	0.54493375	0.6066081	0.12729377	2.0	7.0	2.0	14.0	3491.53213739	19.0	6.0	9.0
0.86842108	0.60000002	0.94273649	0.65972222	0.37942703	0.63617447	0.04166667	2.0	7.0	3.0	13.0	3535.33920145	98.0	7.0	9.0
0.69736844	0.63999999	0.77525338	0.36111111	0.58343313	0.72994541	0.0	0.0	9.0	0.0	16.0	3576.17992043	9.0	8.0	9.0
0.64912283	0.68000001	0.71452703	0.27083333	0.61074456	0.79097313	0.27216553	1.0	8.0	0.0	16.0	3617.45590663	7.0	9.0	9.0
0.67400879	0.57692307	0.70952381	0.49673203	0.60960072	0.68251656	-0.21004201	0.0	9.0	2.0	15.0	3666.69333911	9.0	0.0	10.0
0.62995595	0.57692307	0.64183673	0.35294118	0.64263709	0.71001963	-0.21004201	0.0	9.0	2.0	15.0	3706.28462577	6.0	1.0	10.0
0.64757711	0.61538464	0.70289116	0.56862745	0.62083429	0.64823666	-0.14552138	0.0	9.0	1.0	16.0	3746.04616165	9.0	2.0	10.0
0.81578946	0.68000001	0.91391618	0.69852941	0.44592152	0.56822647	0.16840827	2.0	6.0	2.0	15.0	3792.3781724	56.0	3.0	10.0
0.7631579	0.60000002	0.8620777	0.64583333	0.50965655	0.63771095	-0.15309311	0.0	9.0	1.0	15.0	3833.52941322	26.0	4.0	10.0
1.0	0.75999999	1.0	0.86111111	0.11006271	0.43292872	0.46028325	5.0	4.0	2.0	14.0	3908.64341998	500.0	5.0	10.0
0.80701756	0.60000002	0.90717905	0.72916667	0.45623384	0.61664542	-0.15309311	0.0	9.0	1.0	15.0	3950.84592152	42.0	6.0	10.0
0.79385966	0.63999999	0.88589527	0.64583333	0.48823344	0.64534709	0.16390252	3.0	6.0	3.0	13.0	3995.77302623	36.0	7.0	10.0
0.9649123	0.63999999	0.99763514	0.75694444	0.20310417	0.57248365	0.16390252	3.0	6.0	3.0	13.0	4057.83065605	258.0	8.0	10.0
0.83771932	0.60000002	0.92584459	0.6875	0.42896391	0.60271958	0.04166667	2.0	7.0	3.0	13.0	4102.00289035	49.0	9.0	10.0
