train_acc	val_acc	train_auc	val_auc	train_loss	val_loss	val_mmc	tn	fp	fn	tp	time	ep_stopped	index_fold	seed
0.94186044	0.5	0.99451754	0.68	0.23989898	0.64723957	0.0	1.0	4.0	1.0	4.0	38.98851728	184.0	0.0	1.0
0.68604654	0.5	0.79002193	0.52	0.58221214	0.72807598	0.0	1.0	4.0	1.0	4.0	63.04269075	19.0	1.0	1.0
0.83720928	0.5	0.90241228	0.68	0.46536564	0.63017499	0.0	2.0	3.0	2.0	3.0	78.1813643	44.0	2.0	1.0
0.52325583	0.5	0.62465903	0.70833333	0.68321623	0.66411436	0.08908708	3.0	1.0	4.0	2.0	95.56643248	8.0	3.0	1.0
0.94186044	0.69999999	0.95962902	0.875	0.35901205	0.51598167	0.40824829	3.0	1.0	2.0	4.0	112.67972875	89.0	4.0	1.0
1.0	0.80000001	1.0	0.83333333	0.05297015	0.4171133	0.58333333	3.0	1.0	1.0	5.0	135.54341578	500.0	5.0	1.0
0.66666669	0.33333334	0.77083333	0.25	0.61305313	0.82861018	-0.35	1.0	3.0	3.0	2.0	153.37663388	10.0	6.0	1.0
0.86206895	0.66666669	0.95940171	0.65	0.39666496	0.65466624	0.35	3.0	1.0	2.0	3.0	172.2223413	60.0	7.0	1.0
0.78160918	0.55555558	0.87660256	0.25	0.53144122	0.86286819	0.05976143	1.0	3.0	1.0	4.0	189.34767675	21.0	8.0	1.0
0.82758623	0.55555558	0.92788462	0.35	0.45482729	0.7851395	0.31622777	4.0	0.0	4.0	1.0	206.9181118	40.0	9.0	1.0
1.0	0.89999998	1.0	1.0	0.06549435	0.30345339	0.81649658	5.0	0.0	1.0	4.0	230.9539237	500.0	0.0	2.0
0.73255813	0.5	0.82620614	0.68	0.57006163	0.65150356	0.0	2.0	3.0	2.0	3.0	248.62551165	21.0	1.0	2.0
0.74418604	0.5	0.88322368	0.68	0.53093778	0.63179648	0.0	1.0	4.0	1.0	4.0	265.58028078	19.0	2.0	2.0
0.74418604	0.5	0.83687943	0.54166667	0.56247843	0.68749392	0.0	2.0	2.0	3.0	3.0	282.44061947	15.0	3.0	2.0
0.75581396	0.60000002	0.84724495	0.70833333	0.55662157	0.62723577	0.16666667	2.0	2.0	2.0	4.0	298.86128831	17.0	4.0	2.0
0.60465115	0.5	0.66284779	0.625	0.6854609	0.7113198	0.08908708	3.0	1.0	4.0	2.0	315.28109002	8.0	5.0	2.0
0.77011496	0.55555558	0.89529915	0.4	0.49060604	0.75337046	0.1	2.0	2.0	2.0	3.0	332.20249462	38.0	6.0	2.0
0.58620691	0.33333334	0.67521368	0.25	0.67821732	0.74376136	-0.35	1.0	3.0	3.0	2.0	349.30946159	8.0	7.0	2.0
0.73563218	0.44444445	0.83867521	0.55	0.55161155	0.71397448	0.0	4.0	0.0	5.0	0.0	365.08261085	23.0	8.0	2.0
0.85057473	0.66666669	0.91613248	0.65	0.44688393	0.64017409	0.39528471	1.0	3.0	0.0	5.0	383.24906683	56.0	9.0	2.0
0.75581396	0.80000001	0.8497807	0.76	0.53719682	0.54633486	0.65465367	3.0	2.0	0.0	5.0	400.24644828	29.0	0.0	3.0
0.88372093	0.5	0.93969298	0.36	0.42843373	0.77772629	0.0	1.0	4.0	1.0	4.0	418.27122617	53.0	1.0	3.0
0.62790698	0.30000001	0.74890351	0.2	0.64307535	0.79096085	-0.40824829	2.0	3.0	4.0	1.0	434.8045752	8.0	2.0	3.0
0.95348835	1.0	0.99836334	1.0	0.26396292	0.39224428	1.0	4.0	0.0	0.0	6.0	456.81979728	140.0	3.0	3.0
0.59302324	0.60000002	0.68139662	0.70833333	0.67487594	0.61504114	0.16666667	2.0	2.0	2.0	4.0	471.91543579	8.0	4.0	3.0
0.94186044	0.60000002	0.9847245	0.70833333	0.30746786	0.64857221	0.25	3.0	1.0	3.0	3.0	490.03253722	108.0	5.0	3.0
1.0	1.0	1.0	1.0	0.05482523	0.26758492	1.0	4.0	0.0	0.0	5.0	518.10638738	500.0	6.0	3.0
0.81609195	0.55555558	0.86378205	0.55	0.53472648	0.67828041	0.1	2.0	2.0	2.0	3.0	536.26925468	34.0	7.0	3.0
0.83908045	0.55555558	0.89583333	0.55	0.50153528	0.72883916	0.1	2.0	2.0	2.0	3.0	552.75032878	33.0	8.0	3.0
0.65517241	0.55555558	0.72970085	0.45	0.63844198	0.6915521	0.05976143	1.0	3.0	1.0	4.0	572.04400492	10.0	9.0	3.0
0.73255813	0.69999999	0.85745614	0.64	0.5504733	0.69154924	0.40824829	4.0	1.0	2.0	3.0	592.21169209	24.0	0.0	4.0
0.77906978	0.5	0.86348684	0.52	0.5241575	0.75204885	0.0	1.0	4.0	1.0	4.0	607.10569358	27.0	1.0	4.0
0.6511628	0.60000002	0.76644737	0.48	0.62323627	0.71453249	0.21821789	4.0	1.0	3.0	2.0	624.66156459	24.0	2.0	4.0
0.91860467	0.60000002	0.9492635	0.70833333	0.40862361	0.6417917	0.16666667	2.0	2.0	2.0	4.0	643.33748746	60.0	3.0	4.0
0.62790698	0.60000002	0.71849427	0.83333333	0.63016726	0.67964816	0.40824829	4.0	0.0	4.0	2.0	661.81359339	16.0	4.0	4.0
0.6511628	0.60000002	0.73267867	0.58333333	0.64432005	0.71612251	0.16666667	2.0	2.0	2.0	4.0	682.6729598	9.0	5.0	4.0
0.86206895	0.77777779	0.9508547	0.75	0.42763229	0.74308276	0.55	3.0	1.0	1.0	4.0	702.08065224	45.0	6.0	4.0
0.80459768	0.77777779	0.89903846	0.7	0.49899824	0.63041663	0.63245553	4.0	0.0	2.0	3.0	723.38261843	38.0	7.0	4.0
0.73563218	0.66666669	0.85470085	0.8	0.56196921	0.59356761	0.35	3.0	1.0	2.0	3.0	741.16213822	17.0	8.0	4.0
0.66666669	0.77777779	0.76068376	0.85	0.62195913	0.57292438	0.55	3.0	1.0	1.0	4.0	761.32987189	14.0	9.0	4.0
0.80232561	0.60000002	0.89912281	0.52	0.50422127	0.73575544	0.2	3.0	2.0	2.0	3.0	780.70889354	30.0	0.0	5.0
0.79069769	0.5	0.91118421	0.6	0.46886554	0.66508591	0.0	3.0	2.0	3.0	2.0	798.8565464	42.0	1.0	5.0
0.82558137	0.69999999	0.88651316	0.68	0.49509448	0.59898865	0.40824829	4.0	1.0	2.0	3.0	819.77539802	40.0	2.0	5.0
0.87209302	0.69999999	0.93126023	0.70833333	0.41585576	0.62464654	0.40824829	3.0	1.0	2.0	4.0	840.33574796	56.0	3.0	5.0
0.59302324	0.5	0.71685761	0.5	0.64765196	0.69456887	0.08908708	3.0	1.0	4.0	2.0	862.24465299	11.0	4.0	5.0
0.79069769	0.80000001	0.92198582	0.79166667	0.44779424	0.55415833	0.58333333	3.0	1.0	1.0	5.0	881.90821052	56.0	5.0	5.0
0.67816091	0.66666669	0.75	0.7	0.63614506	0.66602111	0.35	3.0	1.0	2.0	3.0	903.08023953	8.0	6.0	5.0
0.86206895	0.66666669	0.9508547	0.65	0.38378002	0.62319392	0.35	3.0	1.0	2.0	3.0	923.82370782	73.0	7.0	5.0
0.57471263	0.66666669	0.67895299	0.55	0.65539159	0.65972626	0.39528471	1.0	3.0	0.0	5.0	944.58060169	8.0	8.0	5.0
0.89655173	0.77777779	0.95566239	0.85	0.40848941	0.49226317	0.55	3.0	1.0	1.0	4.0	964.93508101	81.0	9.0	5.0
0.89534885	0.69999999	0.94682018	0.88	0.38659163	0.50733101	0.40824829	3.0	2.0	1.0	4.0	987.52302814	78.0	0.0	6.0
0.76744187	0.80000001	0.89528509	0.92	0.50037698	0.55833381	0.6	4.0	1.0	1.0	4.0	1007.95974445	36.0	1.0	6.0
0.73255813	0.5	0.87061404	0.68	0.5472732	0.69938809	0.0	1.0	4.0	1.0	4.0	1028.42774034	19.0	2.0	6.0
1.0	0.60000002	1.0	0.75	0.15439265	0.50119573	0.16666667	2.0	2.0	2.0	4.0	1054.69774675	236.0	3.0	6.0
0.68604654	0.5	0.84833606	0.375	0.57009465	0.78185332	-0.08908708	1.0	3.0	2.0	4.0	1074.82052732	14.0	4.0	6.0
0.55813956	0.30000001	0.65902891	0.58333333	0.66361283	0.7868768	-0.40824829	3.0	1.0	6.0	0.0	1094.69020534	8.0	5.0	6.0
0.80459768	0.44444445	0.875	0.4	0.51198534	0.75896645	-0.1	2.0	2.0	3.0	2.0	1114.39875293	33.0	6.0	6.0
0.93103451	0.33333334	0.97596154	0.2	0.33289404	0.85454786	-0.35	1.0	3.0	3.0	2.0	1135.52382612	69.0	7.0	6.0
0.9770115	0.33333334	0.99839744	0.55	0.22485105	0.72939688	-0.35	1.0	3.0	3.0	2.0	1160.73572111	172.0	8.0	6.0
0.91954023	0.66666669	0.96047009	0.8	0.38116521	0.55411172	0.47809144	4.0	0.0	3.0	2.0	1184.85479808	78.0	9.0	6.0
0.75581396	0.5	0.87719298	0.48	0.51759017	0.72690916	0.0	3.0	2.0	3.0	2.0	1207.72484207	23.0	0.0	7.0
0.66279072	0.5	0.75986842	0.4	0.61884799	0.75372601	0.0	4.0	1.0	4.0	1.0	1227.60137177	17.0	1.0	7.0
0.82558137	0.60000002	0.91940789	0.72	0.49943997	0.71434629	0.33333333	1.0	4.0	0.0	5.0	1246.73110342	39.0	2.0	7.0
0.51162791	0.60000002	0.63120567	0.58333333	0.67980024	0.7146247	0.16666667	2.0	2.0	2.0	4.0	1267.591712	8.0	3.0	7.0
1.0	0.80000001	1.0	0.91666667	0.09196851	0.50926733	0.61237244	2.0	2.0	0.0	6.0	1298.16128683	381.0	4.0	7.0
0.91860467	0.89999998	0.98417894	0.875	0.32316394	0.52359706	0.81649658	4.0	0.0	1.0	5.0	1321.7188797	92.0	5.0	7.0
0.85057473	0.66666669	0.96153846	0.75	0.3873039	0.61337554	0.35	3.0	1.0	2.0	3.0	1347.13583064	90.0	6.0	7.0
0.80459768	0.55555558	0.87873932	0.75	0.50817285	0.6161564	0.05976143	1.0	3.0	1.0	4.0	1369.26955557	38.0	7.0	7.0
0.66666669	0.66666669	0.75053419	0.75	0.63631209	0.59504318	0.35	3.0	1.0	2.0	3.0	1390.7448523	9.0	8.0	7.0
0.89655173	0.55555558	0.91720085	0.7	0.47828085	0.64337516	0.05976143	1.0	3.0	1.0	4.0	1412.75972843	41.0	9.0	7.0
0.60465115	0.69999999	0.71765351	0.64	0.65682578	0.62907863	0.40824829	3.0	2.0	1.0	4.0	1434.7260685	6.0	0.0	8.0
0.89534885	0.80000001	0.97532895	0.88	0.35751729	0.49484223	0.65465367	5.0	0.0	2.0	3.0	1457.51535368	80.0	1.0	8.0
0.87209302	0.5	0.91666667	0.6	0.48667053	0.69341433	0.0	3.0	2.0	3.0	2.0	1482.08427668	35.0	2.0	8.0
0.86046511	0.40000001	0.92635025	0.29166667	0.42140334	0.83190376	-0.25	1.0	3.0	3.0	3.0	1507.95957899	70.0	3.0	8.0
0.67441863	0.5	0.77032188	0.5	0.61713152	0.71684366	0.0	2.0	2.0	3.0	3.0	1528.45342278	8.0	4.0	8.0
0.68604654	0.60000002	0.84124386	0.66666667	0.55620234	0.65278566	0.25	3.0	1.0	3.0	3.0	1552.25466728	16.0	5.0	8.0
1.0	0.66666669	1.0	0.8	0.19534822	0.51693159	0.31622777	2.0	2.0	1.0	4.0	1579.09869075	190.0	6.0	8.0
0.954023	0.77777779	0.99626068	0.85	0.23820392	0.46231303	0.55	3.0	1.0	1.0	4.0	1610.17801499	148.0	7.0	8.0
1.0	0.77777779	1.0	0.8	0.08883256	0.52182955	0.55	3.0	1.0	1.0	4.0	1647.42580795	428.0	8.0	8.0
0.77011496	0.66666669	0.81303419	0.85	0.59279563	0.64331603	0.47809144	4.0	0.0	3.0	2.0	1671.84550548	8.0	9.0	8.0
0.82558137	0.80000001	0.89912281	0.84	0.48609561	0.57914644	0.6	4.0	1.0	1.0	4.0	1694.99543357	38.0	0.0	9.0
0.90697676	0.60000002	0.94133772	0.68	0.42798139	0.68273437	0.2	3.0	2.0	2.0	3.0	1719.45681	57.0	1.0	9.0
0.88372093	0.69999999	0.96491228	0.76	0.39955187	0.59937847	0.40824829	3.0	2.0	1.0	4.0	1748.68999767	79.0	2.0	9.0
0.89534885	0.60000002	0.9705401	0.79166667	0.3568489	0.63459527	0.25	3.0	1.0	3.0	3.0	1774.68209314	85.0	3.0	9.0
0.59302324	0.1	0.7157665	0.16666667	0.6565555	0.86971986	-0.81649658	0.0	4.0	5.0	1.0	1801.31041837	8.0	4.0	9.0
0.91860467	0.69999999	0.96781233	0.83333333	0.35770742	0.50733119	0.35634832	2.0	2.0	1.0	5.0	1826.33885837	99.0	5.0	9.0
0.79310346	0.77777779	0.87713675	0.5	0.51878078	0.7623629	0.5976143	2.0	2.0	0.0	5.0	1851.60365534	28.0	6.0	9.0
0.66666669	0.55555558	0.7232906	0.4	0.64665629	0.70103854	0.05976143	1.0	3.0	1.0	4.0	1875.08851242	7.0	7.0	9.0
0.75862068	0.55555558	0.84294872	0.65	0.56331332	0.67445958	0.05976143	1.0	3.0	1.0	4.0	1900.21945667	22.0	8.0	9.0
0.74712646	0.33333334	0.8167735	0.4	0.57994714	0.74587762	-0.35	1.0	3.0	3.0	2.0	1923.89214349	16.0	9.0	9.0
0.67441863	0.40000001	0.78070175	0.52	0.6104212	0.7642836	-0.21821789	1.0	4.0	2.0	3.0	1946.60517406	6.0	0.0	10.0
0.69767439	0.5	0.75054825	0.32	0.6261171	0.80178469	0.0	2.0	3.0	2.0	3.0	1969.19678903	10.0	1.0	10.0
0.70930231	0.69999999	0.81140351	0.68	0.57845702	0.66589034	0.40824829	4.0	1.0	2.0	3.0	1994.23929286	17.0	2.0	10.0
0.72093022	0.69999999	0.83524277	0.83333333	0.56550548	0.55684191	0.35634832	2.0	2.0	1.0	5.0	2020.68776989	18.0	3.0	10.0
0.89534885	0.80000001	0.96072013	0.83333333	0.3904148	0.51788127	0.61237244	2.0	2.0	0.0	6.0	2049.13738155	65.0	4.0	10.0
0.88372093	0.80000001	0.95362793	0.75	0.38358659	0.55754054	0.61237244	2.0	2.0	0.0	6.0	2076.98337436	77.0	5.0	10.0
0.58620691	0.44444445	0.61965812	0.45	0.68182836	0.71568215	-0.15811388	1.0	3.0	2.0	3.0	2107.07855535	7.0	6.0	10.0
0.81609195	0.55555558	0.94337607	0.75	0.43999159	0.60486692	0.1	2.0	2.0	2.0	3.0	2142.43617415	54.0	7.0	10.0
0.88505745	0.66666669	0.94123932	0.75	0.42876332	0.63308674	0.35	3.0	1.0	2.0	3.0	2171.39603543	54.0	8.0	10.0
0.87356323	0.44444445	0.96207265	0.55	0.39809884	0.68047392	-0.1	2.0	2.0	3.0	2.0	2199.86234951	73.0	9.0	10.0
