train_acc	val_acc	train_auc	val_auc	train_loss	val_loss	val_mmc	tn	fp	fn	tp	time	ep_stopped	index_fold	seed
1.0	0.69999999	1.0	0.84	0.14035464	0.51396644	0.5	2.0	3.0	0.0	5.0	32.61165309	330.0	0.0	1.0
0.6511628	0.40000001	0.79605263	0.44	0.58673003	0.82291162	-0.21821789	1.0	4.0	2.0	3.0	52.0491488	12.0	1.0	1.0
0.87209302	0.80000001	0.92105263	0.8	0.41358278	0.52591228	0.6	4.0	1.0	1.0	4.0	64.35568023	60.0	2.0	1.0
0.74418604	0.5	0.82214948	0.625	0.57942929	0.6347037	0.0	2.0	2.0	3.0	3.0	79.29194069	16.0	3.0	1.0
0.82558137	0.80000001	0.90834697	0.83333333	0.43168417	0.5058322	0.58333333	3.0	1.0	1.0	5.0	92.42156553	56.0	4.0	1.0
0.96511626	0.80000001	0.99127114	0.79166667	0.21856328	0.52446163	0.66666667	4.0	0.0	2.0	4.0	106.34734869	180.0	5.0	1.0
0.7241379	0.55555558	0.81784188	0.5	0.57670634	0.79001439	0.1	2.0	2.0	2.0	3.0	120.83908367	13.0	6.0	1.0
0.82758623	0.55555558	0.89850427	0.55	0.44349403	0.71042275	0.15811388	3.0	1.0	3.0	2.0	135.65326333	41.0	7.0	1.0
0.75862068	0.22222222	0.84027778	0.3	0.51931601	0.84061313	-0.5976143	2.0	2.0	5.0	0.0	149.07538819	23.0	8.0	1.0
0.85057473	0.66666669	0.92361111	0.85	0.41118017	0.59599066	0.47809144	4.0	0.0	3.0	2.0	163.28592467	59.0	9.0	1.0
1.0	0.80000001	1.0	0.76	0.14504657	0.50557548	0.65465367	5.0	0.0	2.0	3.0	179.05042195	319.0	0.0	2.0
0.83720928	0.80000001	0.91557018	0.88	0.42911766	0.58794928	0.65465367	3.0	2.0	0.0	5.0	192.36707067	60.0	1.0	2.0
0.87209302	0.69999999	0.94133772	0.8	0.41444604	0.559497	0.40824829	3.0	2.0	1.0	4.0	205.52218771	49.0	2.0	2.0
0.76744187	0.60000002	0.86252046	0.70833333	0.51928816	0.59986651	0.25	3.0	1.0	3.0	3.0	218.93015289	21.0	3.0	2.0
0.76744187	0.60000002	0.84397163	0.66666667	0.52659288	0.72023964	0.16666667	2.0	2.0	2.0	4.0	231.4930768	16.0	4.0	2.0
0.70930231	0.60000002	0.80250955	0.625	0.57843752	0.69732559	0.25	3.0	1.0	3.0	3.0	244.9691577	16.0	5.0	2.0
0.68965518	0.77777779	0.79220085	0.6	0.58181706	0.70220113	0.5976143	2.0	2.0	0.0	5.0	258.34144449	13.0	6.0	2.0
0.60919541	0.11111111	0.7457265	0.25	0.63114991	0.90573049	-0.79056942	1.0	3.0	5.0	0.0	272.90762663	8.0	7.0	2.0
0.79310346	0.55555558	0.86752137	0.55	0.50388069	0.6952517	0.1	2.0	2.0	2.0	3.0	285.66730237	27.0	8.0	2.0
0.82758623	0.66666669	0.89155983	0.75	0.46730472	0.5819819	0.31622777	2.0	2.0	1.0	4.0	299.60748291	41.0	9.0	2.0
0.81395346	0.80000001	0.90076754	0.88	0.45868761	0.4273448	0.6	4.0	1.0	1.0	4.0	313.22111034	47.0	0.0	3.0
0.76744187	0.69999999	0.85964912	0.48	0.52971641	0.75065839	0.5	2.0	3.0	0.0	5.0	326.97866035	18.0	1.0	3.0
0.66279072	0.30000001	0.76370614	0.32	0.62868252	0.77919042	-0.40824829	2.0	3.0	4.0	1.0	339.93215871	8.0	2.0	3.0
0.91860467	0.89999998	0.96181124	0.875	0.33006023	0.42140216	0.81649658	4.0	0.0	1.0	5.0	358.05899048	113.0	3.0	3.0
0.73255813	0.60000002	0.80196399	0.66666667	0.6080463	0.64406753	0.16666667	2.0	2.0	2.0	4.0	372.04841065	9.0	4.0	3.0
0.94186044	0.60000002	0.96781233	0.875	0.3011908	0.5048188	0.25	3.0	1.0	3.0	3.0	387.62624598	114.0	5.0	3.0
0.93103451	0.77777779	0.98183761	0.95	0.30062242	0.37622151	0.63245553	4.0	0.0	2.0	3.0	405.9875772	120.0	6.0	3.0
0.79310346	0.55555558	0.83707265	0.35	0.54888858	0.7394498	0.05976143	1.0	3.0	1.0	4.0	420.6819036	20.0	7.0	3.0
0.80459768	0.44444445	0.91292735	0.6	0.43847898	0.68586189	-0.15811388	1.0	3.0	2.0	3.0	435.48971009	52.0	8.0	3.0
0.79310346	0.55555558	0.85897436	0.5	0.54512959	0.68795395	0.1	2.0	2.0	2.0	3.0	450.47240901	15.0	9.0	3.0
0.8488372	0.60000002	0.9002193	0.52	0.4725559	0.6753521	0.21821789	2.0	3.0	1.0	4.0	467.08377171	32.0	0.0	4.0
0.80232561	0.69999999	0.87719298	0.84	0.49852313	0.55928624	0.40824829	3.0	2.0	1.0	4.0	481.44336057	28.0	1.0	4.0
0.69767439	0.60000002	0.74835526	0.6	0.62757774	0.69399208	0.21821789	4.0	1.0	3.0	2.0	494.52228546	14.0	2.0	4.0
0.8488372	0.5	0.90998363	0.75	0.4360833	0.52617419	-0.08908708	1.0	3.0	2.0	4.0	509.38610744	52.0	3.0	4.0
0.62790698	0.69999999	0.73540644	0.66666667	0.6210208	0.69357908	0.53452248	4.0	0.0	3.0	3.0	523.56683135	8.0	4.0	4.0
1.0	0.80000001	1.0	0.875	0.08091252	0.43405795	0.58333333	3.0	1.0	1.0	5.0	547.25025749	426.0	5.0	4.0
0.87356323	0.77777779	0.94871795	0.8	0.37311861	0.53750348	0.55	3.0	1.0	1.0	4.0	562.89317799	64.0	6.0	4.0
0.73563218	0.55555558	0.84615385	0.6	0.52423531	0.65389222	0.1	2.0	2.0	2.0	3.0	579.11406136	26.0	7.0	4.0
0.62068963	0.44444445	0.74145299	0.35	0.62379249	0.75218523	-0.05976143	3.0	1.0	4.0	1.0	593.53655291	8.0	8.0	4.0
0.75862068	0.8888889	0.83226496	0.85	0.56536028	0.50760436	0.8	4.0	0.0	1.0	4.0	610.00994229	16.0	9.0	4.0
0.76744187	0.60000002	0.85855263	0.72	0.52139968	0.70716125	0.2	3.0	2.0	2.0	3.0	625.14226246	24.0	0.0	5.0
0.8488372	0.69999999	0.93092105	0.76	0.40713102	0.57521224	0.40824829	3.0	2.0	1.0	4.0	641.04398799	54.0	1.0	5.0
0.87209302	0.80000001	0.9435307	0.76	0.38191836	0.55317295	0.65465367	5.0	0.0	2.0	3.0	658.34056354	82.0	2.0	5.0
0.8488372	0.69999999	0.88870704	0.79166667	0.46980327	0.59701902	0.40824829	3.0	1.0	2.0	4.0	675.32899046	30.0	3.0	5.0
0.63953489	0.5	0.73431533	0.33333333	0.64480519	0.76626223	0.0	2.0	2.0	3.0	3.0	694.05254912	6.0	4.0	5.0
0.87209302	0.60000002	0.93998909	0.83333333	0.37672956	0.46119666	0.16666667	2.0	2.0	2.0	4.0	711.08943391	80.0	5.0	5.0
0.71264368	0.55555558	0.78418803	0.5	0.59994058	0.74393255	0.1	2.0	2.0	2.0	3.0	727.86986852	8.0	6.0	5.0
1.0	1.0	1.0	1.0	0.08010982	0.2454021	1.0	4.0	0.0	0.0	5.0	753.27140832	500.0	7.0	5.0
0.67816091	0.66666669	0.80982906	0.85	0.57251153	0.58362371	0.39528471	1.0	3.0	0.0	5.0	770.1264329	14.0	8.0	5.0
0.79310346	0.77777779	0.88354701	0.8	0.4730103	0.54769897	0.55	3.0	1.0	1.0	4.0	785.80417371	43.0	9.0	5.0
1.0	0.80000001	1.0	1.0	0.07308276	0.33665329	0.65465367	3.0	2.0	0.0	5.0	812.1553123	500.0	0.0	6.0
0.79069769	0.69999999	0.90076754	0.84	0.47112326	0.54649121	0.40824829	4.0	1.0	2.0	3.0	828.6349659	34.0	1.0	6.0
0.77906978	0.5	0.85635965	0.6	0.55623202	0.69687545	0.0	1.0	4.0	1.0	4.0	844.88209724	12.0	2.0	6.0
0.91860467	0.80000001	0.98854337	0.875	0.26354944	0.46105123	0.66666667	4.0	0.0	2.0	4.0	864.95216846	146.0	3.0	6.0
0.67441863	0.5	0.79978178	0.54166667	0.58202019	0.70970964	-0.08908708	1.0	3.0	2.0	4.0	881.61175156	10.0	4.0	6.0
0.75581396	0.5	0.86470267	0.625	0.54112026	0.69434869	0.0	2.0	2.0	3.0	3.0	899.67181873	17.0	5.0	6.0
0.9770115	0.77777779	0.99946581	0.8	0.18896724	0.63329995	0.63245553	4.0	0.0	2.0	3.0	920.11378598	251.0	6.0	6.0
0.73563218	0.44444445	0.8215812	0.35	0.56560441	0.77513891	-0.15811388	1.0	3.0	2.0	3.0	936.95496368	11.0	7.0	6.0
0.98850572	0.77777779	1.0	0.7	0.1714418	0.60288477	0.5976143	2.0	2.0	0.0	5.0	959.05731392	261.0	8.0	6.0
0.94252872	0.77777779	0.98717949	1.0	0.27467191	0.52256447	0.63245553	4.0	0.0	2.0	3.0	979.95577812	140.0	9.0	6.0
0.86046511	0.60000002	0.93530702	0.76	0.38817147	0.5816409	0.21821789	4.0	1.0	3.0	2.0	998.8880837	59.0	0.0	7.0
0.79069769	0.5	0.89473684	0.68	0.47611111	0.67822284	0.0	3.0	2.0	3.0	2.0	1015.39244533	36.0	1.0	7.0
0.83720928	0.60000002	0.88651316	0.76	0.48964014	0.6145165	0.21821789	2.0	3.0	1.0	4.0	1033.00327301	36.0	2.0	7.0
0.67441863	0.30000001	0.74959083	0.41666667	0.62729874	0.74438727	-0.53452248	0.0	4.0	3.0	3.0	1050.54753113	8.0	3.0	7.0
0.76744187	0.69999999	0.84724495	0.625	0.53442963	0.67026156	0.35634832	2.0	2.0	1.0	5.0	1071.9318769	16.0	4.0	7.0
0.90697676	0.69999999	0.95144572	0.79166667	0.36931534	0.54092914	0.53452248	4.0	0.0	3.0	3.0	1090.45891833	67.0	5.0	7.0
1.0	0.8888889	1.0	1.0	0.08759528	0.28915662	0.79056942	3.0	1.0	0.0	5.0	1118.23014975	500.0	6.0	7.0
0.83908045	0.66666669	0.90491453	0.9	0.45414558	0.56880099	0.31622777	2.0	2.0	1.0	4.0	1135.44422603	48.0	7.0	7.0
0.71264368	0.66666669	0.81891026	0.8	0.58242254	0.60223675	0.31622777	2.0	2.0	1.0	4.0	1153.59529448	10.0	8.0	7.0
0.77011496	0.55555558	0.87980769	0.7	0.50262812	0.61133265	0.05976143	1.0	3.0	1.0	4.0	1172.21798658	29.0	9.0	7.0
0.68604654	0.5	0.83333333	0.6	0.58883736	0.69524848	0.0	1.0	4.0	1.0	4.0	1190.2300868	6.0	0.0	8.0
0.88372093	0.89999998	0.9495614	0.96	0.35874491	0.3891882	0.81649658	5.0	0.0	1.0	4.0	1209.24663925	86.0	1.0	8.0
0.76744187	0.40000001	0.84649123	0.48	0.55561518	0.75134993	-0.21821789	3.0	2.0	4.0	1.0	1228.99644065	16.0	2.0	8.0
0.91860467	0.69999999	0.98199673	0.75	0.26497952	0.64608908	0.40824829	3.0	1.0	2.0	4.0	1251.32051063	178.0	3.0	8.0
0.77906978	0.5	0.81833061	0.66666667	0.54431925	0.63628006	0.0	2.0	2.0	3.0	3.0	1268.66762924	15.0	4.0	8.0
0.79069769	0.40000001	0.86142935	0.375	0.50944729	0.72275841	-0.10206207	3.0	1.0	5.0	1.0	1286.83253741	15.0	5.0	8.0
0.83908045	0.77777779	0.89690171	0.8	0.45515923	0.54737258	0.5976143	2.0	2.0	0.0	5.0	1305.4956944	36.0	6.0	8.0
1.0	1.0	1.0	1.0	0.07535398	0.32752496	1.0	4.0	0.0	0.0	5.0	1337.19591832	500.0	7.0	8.0
1.0	0.77777779	1.0	1.0	0.07012776	0.28632838	0.63245553	4.0	0.0	2.0	3.0	1368.03436875	500.0	8.0	8.0
0.7011494	0.66666669	0.84455128	0.75	0.55876279	0.63437742	0.35	3.0	1.0	2.0	3.0	1387.07547712	7.0	9.0	8.0
0.75581396	0.69999999	0.83497807	0.76	0.54510359	0.58366978	0.40824829	3.0	2.0	1.0	4.0	1405.85840726	25.0	0.0	9.0
0.88372093	0.5	0.94298246	0.72	0.36557473	0.60223496	0.0	2.0	3.0	2.0	3.0	1425.79262233	83.0	1.0	9.0
1.0	0.69999999	1.0	0.88	0.15047719	0.46084541	0.40824829	3.0	2.0	1.0	4.0	1455.11141539	352.0	2.0	9.0
0.90697676	0.80000001	0.98090562	0.75	0.27796392	0.57131398	0.66666667	4.0	0.0	2.0	4.0	1476.3943615	158.0	3.0	9.0
0.70930231	0.30000001	0.83306056	0.29166667	0.59335882	0.81829011	-0.40824829	1.0	3.0	4.0	2.0	1498.54116583	8.0	4.0	9.0
1.0	0.80000001	1.0	0.95833333	0.08334716	0.29372296	0.58333333	3.0	1.0	1.0	5.0	1527.58238268	500.0	5.0	9.0
0.77011496	0.66666669	0.85683761	0.65	0.53046421	0.62811726	0.31622777	2.0	2.0	1.0	4.0	1547.80388188	25.0	6.0	9.0
0.67816091	0.44444445	0.76869658	0.3	0.60425639	0.83639038	-0.15811388	1.0	3.0	2.0	3.0	1567.31725645	8.0	7.0	9.0
0.64367819	0.66666669	0.76602564	0.55	0.6063301	0.68213433	0.31622777	2.0	2.0	1.0	4.0	1586.25352716	10.0	8.0	9.0
0.7241379	0.66666669	0.83600427	0.55	0.53408292	0.69515848	0.31622777	2.0	2.0	1.0	4.0	1606.26073074	21.0	9.0	9.0
0.6511628	0.30000001	0.77960526	0.32	0.60511806	0.80130738	-0.5	0.0	5.0	2.0	3.0	1625.6097827	6.0	0.0	10.0
0.62790698	0.5	0.7066886	0.24	0.6541726	0.81701612	0.0	2.0	3.0	2.0	3.0	1645.08098054	7.0	1.0	10.0
0.81395346	0.89999998	0.90789474	0.8	0.44474788	0.59890103	0.81649658	5.0	0.0	1.0	4.0	1665.36737132	43.0	2.0	10.0
0.72093022	0.69999999	0.83851609	0.70833333	0.53886259	0.58994085	0.35634832	2.0	2.0	1.0	5.0	1685.77830458	18.0	3.0	10.0
0.98837209	1.0	0.99454446	1.0	0.21303412	0.31339192	1.0	4.0	0.0	0.0	6.0	1711.34900045	193.0	4.0	10.0
0.93023258	0.80000001	0.96290235	0.875	0.32830145	0.44739851	0.58333333	3.0	1.0	1.0	5.0	1733.41082621	98.0	5.0	10.0
0.75862068	0.55555558	0.82905983	0.6	0.55107055	0.67149621	0.1	2.0	2.0	2.0	3.0	1756.54751706	17.0	6.0	10.0
0.98850572	0.77777779	0.99519231	0.8	0.23918843	0.52085811	0.55	3.0	1.0	1.0	4.0	1784.82047391	180.0	7.0	10.0
0.87356323	0.77777779	0.9508547	0.8	0.35185983	0.54482448	0.63245553	4.0	0.0	2.0	3.0	1808.64425063	81.0	8.0	10.0
0.74712646	0.66666669	0.80876068	0.6	0.58729326	0.66768223	0.35	3.0	1.0	2.0	3.0	1828.04954219	10.0	9.0	10.0
