train_acc	val_acc	train_auc	val_auc	train_loss	val_loss	val_mmc	tn	fp	fn	tp	time	ep_stopped	index_fold	seed
0.85760516	0.71428573	0.97528071	0.76797386	0.38344602	0.57110158	0.42810458	13.0	5.0	5.0	12.0	127.41964912	29.0	0.0	1.0
0.82847899	0.51428574	0.96509972	0.69607843	0.39726363	0.66313341	0.01807754	13.0	5.0	12.0	5.0	183.69681597	25.0	1.0	1.0
0.73462784	0.54285717	0.90732361	0.57189542	0.53827743	0.69999925	0.08852507	9.0	9.0	7.0	10.0	229.65965104	19.0	2.0	1.0
0.789644	0.6857143	0.92890062	0.69934641	0.48329458	0.63714312	0.39211573	10.0	8.0	3.0	14.0	275.13484526	20.0	3.0	1.0
0.93225807	0.82352942	0.99621165	0.7716263	0.28653266	0.59148142	0.65158377	15.0	2.0	4.0	13.0	327.67152071	38.0	4.0	1.0
0.70322579	0.61764705	0.87215353	0.66782007	0.56717519	0.65697555	0.23570226	11.0	6.0	7.0	10.0	373.9467361	14.0	5.0	1.0
0.80322582	0.61764705	0.94733775	0.66782007	0.44804536	0.65902854	0.24618298	13.0	4.0	9.0	8.0	417.8968873	22.0	6.0	1.0
0.89354837	0.61764705	0.98888473	0.69896194	0.34148917	0.65204193	0.23570226	11.0	6.0	7.0	10.0	471.45720029	36.0	7.0	1.0
0.82258064	0.70588237	0.95295783	0.73010381	0.43018072	0.61397074	0.41464421	11.0	6.0	4.0	13.0	527.72126365	25.0	8.0	1.0
0.82580644	0.58823532	0.96315724	0.63321799	0.43705437	0.69848031	0.18156826	12.0	5.0	9.0	8.0	571.46784019	23.0	9.0	1.0
0.81229776	0.62857145	0.93388638	0.73202614	0.48043435	0.60253799	0.26151604	14.0	4.0	9.0	8.0	619.88313818	19.0	0.0	2.0
0.67313915	0.48571429	0.79252556	0.50653595	0.64152224	0.72202877	-0.03300492	10.0	8.0	10.0	7.0	663.82219338	8.0	1.0	2.0
0.93203884	0.71428573	0.99354785	0.78431373	0.2828014	0.56393408	0.42906394	14.0	4.0	6.0	11.0	711.95335627	36.0	2.0	2.0
0.63754046	0.40000001	0.79550025	0.41503268	0.64741385	0.74230697	-0.20406349	4.0	14.0	7.0	10.0	756.89988303	8.0	3.0	2.0
0.84193546	0.70588237	0.96665418	0.73010381	0.41616327	0.59286702	0.41176471	12.0	5.0	5.0	12.0	812.35700989	27.0	4.0	2.0
0.87096775	0.7352941	0.98268182	0.74048443	0.39313249	0.60697366	0.47140452	12.0	5.0	4.0	13.0	862.92020249	32.0	5.0	2.0
0.94838709	0.70588237	0.99646143	0.79930796	0.25915125	0.56641128	0.42365927	14.0	3.0	7.0	10.0	915.74270535	42.0	6.0	2.0
0.87741935	0.70588237	0.977145	0.70242215	0.36636914	0.6391123	0.42365927	14.0	3.0	7.0	10.0	963.84810781	30.0	7.0	2.0
0.69032258	0.58823532	0.85891512	0.62629758	0.57162457	0.67335972	0.17647059	10.0	7.0	7.0	10.0	1019.96159625	12.0	8.0	2.0
0.98064518	0.64705884	0.99995837	0.80968858	0.16394472	0.50414944	0.29617444	12.0	5.0	7.0	10.0	1076.92465973	50.0	9.0	2.0
0.63430423	0.5714286	0.78226077	0.57843137	0.65255468	0.70739235	0.15549417	8.0	10.0	5.0	12.0	1122.03666568	8.0	0.0	3.0
0.89644015	0.74285716	0.98831071	0.80065359	0.32552289	0.56567136	0.4869281	13.0	5.0	4.0	13.0	1173.84915376	33.0	1.0	3.0
0.815534	0.54285717	0.94268477	0.62745098	0.45217032	0.71137413	0.08221556	14.0	4.0	12.0	5.0	1221.40952325	22.0	2.0	3.0
0.99029124	0.74285716	1.0	0.81699346	0.17792345	0.52510983	0.49009803	15.0	3.0	6.0	11.0	1274.45831037	46.0	3.0	3.0
0.63548386	0.58823532	0.80188169	0.55709343	0.64522242	0.69537689	0.2	6.0	11.0	3.0	14.0	1317.74397516	9.0	4.0	3.0
0.63225806	0.47058824	0.75504767	0.44290657	0.65890786	0.7141113	-0.06286946	5.0	12.0	6.0	11.0	1361.5024755	8.0	5.0	3.0
0.73225808	0.5	0.90629033	0.63321799	0.52570343	0.67673876	0.0	9.0	8.0	9.0	8.0	1409.19270778	20.0	6.0	3.0
0.64516127	0.52941179	0.75775363	0.53979239	0.64419721	0.68790116	0.06286946	6.0	11.0	5.0	12.0	1459.23672199	10.0	7.0	3.0
0.9612903	0.7352941	0.99883435	0.8615917	0.22541118	0.47933651	0.47809144	14.0	3.0	6.0	11.0	1511.27890038	48.0	8.0	3.0
0.93548387	0.70588237	0.99258982	0.78546713	0.28122539	0.55958163	0.41176471	12.0	5.0	5.0	12.0	1562.28344679	43.0	9.0	3.0
0.98058254	0.74285716	0.99966482	0.81699346	0.15575173	0.54736981	0.50238608	16.0	2.0	7.0	10.0	1619.36722946	53.0	0.0	4.0
0.62135923	0.48571429	0.79713424	0.5751634	0.65520284	0.71078008	-0.023338	7.0	11.0	7.0	10.0	1668.30829906	8.0	1.0	4.0
0.63106793	0.54285717	0.79684096	0.53267974	0.64349163	0.69807584	0.08852507	9.0	9.0	7.0	10.0	1716.71971226	9.0	2.0	4.0
0.59870553	0.42857143	0.78146472	0.41176471	0.65811148	0.79073886	-0.14108102	5.0	13.0	7.0	10.0	1765.63509655	8.0	3.0	4.0
0.93870968	0.7647059	0.99467133	0.84083045	0.27697193	0.48642424	0.56582515	16.0	1.0	7.0	10.0	1823.13209391	37.0	4.0	4.0
0.81612903	0.58823532	0.9489197	0.69550173	0.46556665	0.626052	0.17647059	10.0	7.0	7.0	10.0	1870.92993307	24.0	5.0	4.0
0.88064516	0.67647058	0.9767287	0.80622837	0.37490099	0.57953928	0.36927447	14.0	3.0	8.0	9.0	1920.47705126	32.0	6.0	4.0
0.87096775	0.67647058	0.97910162	0.74394464	0.38564278	0.60644587	0.35856858	13.0	4.0	7.0	10.0	1968.89745736	30.0	7.0	4.0
0.76774192	0.64705884	0.9147829	0.64013841	0.52515058	0.67142556	0.29617444	12.0	5.0	7.0	10.0	2017.19169283	21.0	8.0	4.0
0.59032255	0.5	0.73015278	0.49134948	0.66659749	0.71488974	0.0	3.0	14.0	3.0	14.0	2063.44185495	8.0	9.0	4.0
0.8252427	0.65714288	0.95211161	0.70261438	0.43675956	0.67231728	0.32673202	10.0	8.0	4.0	13.0	2114.93607926	28.0	0.0	5.0
0.68284792	0.62857145	0.84506452	0.61764706	0.58835913	0.67870247	0.25573908	12.0	6.0	7.0	10.0	2161.29084015	14.0	1.0	5.0
0.76375407	0.54285717	0.91268644	0.57843137	0.53098849	0.7047194	0.09335201	8.0	10.0	6.0	11.0	2214.30681252	22.0	2.0	5.0
0.87055016	0.60000002	0.98022457	0.69934641	0.34939654	0.60920545	0.20327978	10.0	8.0	6.0	11.0	2268.14834619	34.0	3.0	5.0
0.58709675	0.5	0.77190791	0.56055363	0.66829576	0.70750664	0.0	7.0	10.0	7.0	10.0	2320.55914235	8.0	4.0	5.0
0.85483873	0.67647058	0.95574705	0.70242215	0.44046305	0.64839382	0.35355339	12.0	5.0	6.0	11.0	2376.02787352	28.0	5.0	5.0
0.94838709	0.70588237	0.99537904	0.7266436	0.24365487	0.60862293	0.41464421	13.0	4.0	6.0	11.0	2441.59668636	43.0	6.0	5.0
0.82903224	0.7352941	0.96140877	0.79238754	0.44259421	0.57834601	0.47809144	14.0	3.0	6.0	11.0	2497.60985136	26.0	7.0	5.0
0.98064518	0.70588237	0.99991674	0.74048443	0.17459626	0.63735552	0.42365927	14.0	3.0	7.0	10.0	2556.67739797	53.0	8.0	5.0
0.59032255	0.38235295	0.73756297	0.40138408	0.67281311	0.72180089	-0.24618298	4.0	13.0	8.0	9.0	2604.64467454	8.0	9.0	5.0
0.88349515	0.71428573	0.98470756	0.7875817	0.33740244	0.55069505	0.43278921	12.0	6.0	4.0	13.0	2660.07229829	34.0	0.0	6.0
0.8252427	0.60000002	0.94905313	0.72222222	0.45905347	0.62381491	0.19943817	13.0	5.0	9.0	8.0	2753.55118942	27.0	1.0	6.0
0.63430423	0.45714286	0.77342048	0.46732026	0.65413833	0.75461284	-0.08496732	8.0	10.0	9.0	8.0	2803.41500282	8.0	2.0	6.0
0.77022654	0.51428574	0.91540975	0.59803922	0.5116481	0.70089078	0.020646	12.0	6.0	11.0	6.0	2855.9816854	21.0	3.0	6.0
0.7096774	0.67647058	0.89176138	0.61591696	0.55305304	0.68678168	0.35355339	11.0	6.0	5.0	12.0	2904.67304063	20.0	4.0	6.0
1.0	0.7352941	1.0	0.83391003	0.13835227	0.51990534	0.47809144	11.0	6.0	3.0	14.0	2973.36596155	55.0	5.0	6.0
0.91612905	0.67647058	0.98946755	0.69896194	0.32232078	0.63439448	0.35856858	13.0	4.0	7.0	10.0	3035.57926512	43.0	6.0	6.0
0.71935487	0.67647058	0.88535032	0.67474048	0.54760235	0.64709108	0.35355339	11.0	6.0	5.0	12.0	3084.38333726	17.0	7.0	6.0
0.7870968	0.58823532	0.92810458	0.61591696	0.49676086	0.69041417	0.17770466	11.0	6.0	8.0	9.0	3142.45407438	23.0	8.0	6.0
0.89677417	0.64705884	0.98738604	0.76124567	0.33098647	0.59909577	0.30261377	9.0	8.0	4.0	13.0	3210.2798903	37.0	9.0	6.0
0.62135923	0.51428574	0.7774845	0.52941176	0.65848748	0.70474828	0.02941176	9.0	9.0	8.0	9.0	3259.43560171	9.0	0.0	7.0
0.99676377	0.74285716	1.0	0.84640523	0.10022024	0.50431763	0.48524851	14.0	4.0	5.0	12.0	3322.75698876	66.0	1.0	7.0
0.87055016	0.71428573	0.97155187	0.76797386	0.37422447	0.58823383	0.42906394	14.0	4.0	6.0	11.0	3380.17547607	33.0	2.0	7.0
0.76375407	0.5714286	0.92425004	0.66993464	0.51099779	0.66568155	0.14852213	9.0	9.0	6.0	11.0	3433.10331249	23.0	3.0	7.0
0.56774193	0.52941179	0.74130969	0.48442907	0.67152329	0.71848528	0.06052275	7.0	10.0	6.0	11.0	3485.85712695	8.0	4.0	7.0
0.88387096	0.61764705	0.9878856	0.79930796	0.32464071	0.54498989	0.24618298	13.0	4.0	9.0	8.0	3541.35165262	34.0	5.0	7.0
1.0	0.70588237	1.0	0.86851211	0.10615807	0.48296866	0.41464421	13.0	4.0	6.0	11.0	3609.82743239	62.0	6.0	7.0
0.90967745	0.70588237	0.99404688	0.8200692	0.29294224	0.53834102	0.41176471	12.0	5.0	5.0	12.0	3668.37220001	43.0	7.0	7.0
0.58709675	0.5	0.80866742	0.42214533	0.65795527	0.74672076	0.0	5.0	12.0	5.0	12.0	3722.53579068	8.0	8.0	7.0
0.64516127	0.55882353	0.78872653	0.5916955	0.63607899	0.69505213	0.12309149	7.0	10.0	5.0	12.0	3779.66381931	11.0	9.0	7.0
0.88996762	0.62857145	0.98085302	0.71568627	0.37470326	0.61407641	0.25816993	11.0	7.0	6.0	11.0	3834.90842247	33.0	0.0	8.0
1.0	0.74285716	1.0	0.84640523	0.08894629	0.50597446	0.4869281	13.0	5.0	4.0	13.0	3899.1458981	64.0	1.0	8.0
0.71197408	0.71428573	0.88507625	0.73202614	0.57320505	0.61593943	0.42906394	14.0	4.0	6.0	11.0	3954.03895688	16.0	2.0	8.0
0.88996762	0.65714288	0.97528071	0.75816993	0.37394097	0.59016679	0.31354672	13.0	5.0	7.0	10.0	4010.09440255	33.0	3.0	8.0
0.7903226	0.5	0.92989468	0.5916955	0.4895639	0.6942119	0.0	10.0	7.0	10.0	7.0	4063.46371961	22.0	4.0	8.0
0.84516132	0.58823532	0.96436451	0.6816609	0.42562994	0.63512219	0.17647059	10.0	7.0	7.0	10.0	4121.74780726	29.0	5.0	8.0
0.66129035	0.44117647	0.78202406	0.4567474	0.64072095	0.70980618	-0.12309149	5.0	12.0	7.0	10.0	4171.15687084	9.0	6.0	8.0
0.63225806	0.47058824	0.76566338	0.56055363	0.66036638	0.7118186	-0.06052275	6.0	11.0	7.0	10.0	4223.6635983	8.0	7.0	8.0
0.97419357	0.64705884	0.99937555	0.79584775	0.20152285	0.58230531	0.29617444	10.0	7.0	5.0	12.0	4282.65372539	46.0	8.0	8.0
1.0	0.67647058	1.0	0.85121107	0.07621616	0.5777182	0.36927447	14.0	3.0	8.0	9.0	4348.15527582	67.0	9.0	8.0
0.85113269	0.65714288	0.95780962	0.68627451	0.4110516	0.65271856	0.3180345	11.0	7.0	5.0	12.0	4408.38782287	28.0	0.0	9.0
0.64724916	0.5714286	0.80132395	0.60130719	0.64171737	0.70188808	0.14098436	11.0	7.0	8.0	9.0	4462.1096158	9.0	1.0	9.0
0.74110031	0.62857145	0.9046841	0.65359477	0.53852989	0.65841208	0.26403934	10.0	8.0	5.0	12.0	4517.47706604	17.0	2.0	9.0
0.88349515	0.65714288	0.97561589	0.69607843	0.3936785	0.64322788	0.31372549	12.0	6.0	6.0	11.0	4576.33216119	31.0	3.0	9.0
0.89999998	0.7352941	0.98955081	0.80622837	0.33523792	0.52431385	0.47140452	13.0	4.0	5.0	12.0	4635.99434614	31.0	4.0	9.0
0.84838712	0.64705884	0.97389784	0.6816609	0.39108106	0.67347078	0.30261377	13.0	4.0	8.0	9.0	4692.78500295	30.0	5.0	9.0
0.65483868	0.55882353	0.77948462	0.57093426	0.64998156	0.70288902	0.12309149	7.0	10.0	5.0	12.0	4743.40091038	8.0	6.0	9.0
0.64516127	0.58823532	0.80625286	0.59515571	0.62464154	0.69222684	0.18156826	12.0	5.0	9.0	8.0	4796.92381477	12.0	7.0	9.0
0.85161293	0.70588237	0.97627076	0.71972318	0.3813648	0.62500758	0.41176471	12.0	5.0	5.0	12.0	4854.28251767	32.0	8.0	9.0
0.82903224	0.52941179	0.95620499	0.60899654	0.44624759	0.6783807	0.05923489	10.0	7.0	9.0	8.0	4915.21979451	25.0	9.0	9.0
0.63430423	0.51428574	0.79432713	0.53594771	0.65098486	0.69808142	0.03300492	8.0	10.0	7.0	10.0	4969.11762404	9.0	0.0	10.0
0.75404531	0.6857143	0.93170773	0.68300654	0.50231762	0.67083427	0.37340802	14.0	4.0	7.0	10.0	5028.14828801	24.0	1.0	10.0
0.84142393	0.62857145	0.95843808	0.66993464	0.43438349	0.64669404	0.25816993	11.0	7.0	6.0	11.0	5089.46713924	29.0	2.0	10.0
0.8252427	0.60000002	0.95043573	0.65686275	0.45698017	0.67332752	0.19943817	13.0	5.0	9.0	8.0	5151.18181705	27.0	3.0	10.0
0.9645161	0.67647058	0.9977936	0.72318339	0.22099128	0.60407901	0.36927447	14.0	3.0	8.0	9.0	5220.16489625	47.0	4.0	10.0
0.90967745	0.7352941	0.9825153	0.80276817	0.32108913	0.55508063	0.49236596	10.0	7.0	2.0	15.0	5287.596035	41.0	5.0	10.0
0.89999998	0.70588237	0.98484659	0.75086505	0.34160599	0.59170917	0.41176471	12.0	5.0	5.0	12.0	5354.58001709	36.0	6.0	10.0
0.7903226	0.58823532	0.93709671	0.65743945	0.51158039	0.65347122	0.17770466	11.0	6.0	8.0	9.0	5411.12713861	23.0	7.0	10.0
0.83870965	0.61764705	0.96881895	0.69550173	0.41108846	0.65834062	0.23904572	12.0	5.0	8.0	9.0	5469.71808839	33.0	8.0	10.0
0.7483871	0.58823532	0.89850547	0.6816609	0.53088094	0.65231909	0.17647059	10.0	7.0	7.0	10.0	5526.54235768	18.0	9.0	10.0
