train_acc	val_acc	train_auc	val_auc	train_loss	val_loss	val_mmc	tn	fp	fn	tp	time	ep_stopped	index_fold	seed
0.92307693	0.83333331	0.98381428	0.85416667	0.23268348	0.43233089	0.70710678	12.0	0.0	4.0	8.0	94.40490007	74.0	0.0	1.0
0.93269229	0.875	0.98538661	0.95833333	0.2070501	0.27390965	0.75261781	10.0	2.0	1.0	11.0	126.64561725	103.0	1.0	1.0
0.88038278	0.73913044	0.95583654	0.75	0.34964548	0.57966504	0.47727273	9.0	3.0	3.0	8.0	156.09062505	21.0	2.0	1.0
0.97607654	0.86956519	0.99037933	0.9469697	0.20006694	0.28219839	0.74047959	11.0	1.0	2.0	9.0	190.46708298	117.0	3.0	1.0
0.99043059	0.82608694	0.99761861	0.89393939	0.10686155	0.39361807	0.66414149	10.0	1.0	3.0	9.0	230.50111437	224.0	4.0	1.0
1.0	0.95652175	1.0	0.99242424	0.02342628	0.11228406	0.91666667	11.0	0.0	1.0	11.0	275.84368253	500.0	5.0	1.0
0.88516748	0.86956519	0.96766807	0.90909091	0.30103416	0.45157718	0.74242424	10.0	1.0	2.0	10.0	325.90068936	41.0	6.0	1.0
0.9665072	0.9130435	0.99230628	0.93181818	0.17909775	0.28721292	0.83971912	11.0	0.0	2.0	10.0	359.91091442	142.0	7.0	1.0
0.99043059	0.82608694	0.99835135	0.93181818	0.09701205	0.40964331	0.66414149	10.0	1.0	3.0	9.0	399.95939565	267.0	8.0	1.0
0.99043059	0.73913044	0.99862612	0.88636364	0.11712559	0.40707559	0.48856385	9.0	2.0	4.0	8.0	437.13497567	216.0	9.0	1.0
1.0	0.83333331	1.0	0.95138889	0.03031356	0.28704892	0.6761234	11.0	1.0	3.0	9.0	482.37484312	433.0	0.0	2.0
0.92788464	0.83333331	0.98122457	0.88888889	0.22293274	0.45179858	0.70710678	12.0	0.0	4.0	8.0	517.57937312	89.0	1.0	2.0
1.0	0.86956519	1.0	0.96969697	0.06053849	0.22304895	0.74047959	11.0	1.0	2.0	9.0	562.249439	329.0	2.0	2.0
0.94736844	0.86956519	0.98790544	0.96212121	0.19549812	0.36664957	0.74242424	10.0	2.0	1.0	10.0	596.06858325	113.0	3.0	2.0
0.92822969	0.86956519	0.9864444	0.90151515	0.23764794	0.37953765	0.74047959	9.0	2.0	1.0	11.0	628.13979101	85.0	4.0	2.0
0.88038278	0.86956519	0.95658546	0.88636364	0.33173125	0.429397	0.76277007	8.0	3.0	0.0	12.0	660.95606732	41.0	5.0	2.0
0.96172249	0.82608694	0.98937534	0.90151515	0.1776854	0.40757386	0.65151515	9.0	2.0	2.0	10.0	695.996351	130.0	6.0	2.0
1.0	0.86956519	1.0	0.93939394	0.04383565	0.25594968	0.74242424	10.0	1.0	2.0	10.0	742.73500109	390.0	7.0	2.0
0.97129184	0.78260869	0.99074922	0.93939394	0.1917685	0.35169522	0.58002308	7.0	4.0	1.0	11.0	779.35965347	136.0	8.0	2.0
0.89952153	0.69565219	0.95750137	0.93181818	0.32195328	0.49690003	0.44411739	10.0	1.0	6.0	6.0	812.7901032	30.0	9.0	2.0
0.87980771	0.875	0.95717721	0.89583333	0.33193507	0.40397552	0.77459667	9.0	3.0	0.0	12.0	845.86151695	27.0	0.0	3.0
1.0	0.875	1.0	0.98611111	0.02593521	0.13594544	0.75261781	10.0	2.0	1.0	11.0	898.50082588	500.0	1.0	3.0
0.90909094	0.73913044	0.98533993	0.89393939	0.24991885	0.48289711	0.47727273	9.0	3.0	3.0	8.0	935.32235599	97.0	2.0	3.0
0.95215309	0.9130435	0.98891332	0.87121212	0.18783122	0.40407385	0.83743579	12.0	0.0	2.0	9.0	969.6773963	111.0	3.0	3.0
0.9952153	0.9130435	1.0	0.90151515	0.06033228	0.40777876	0.83971912	11.0	0.0	2.0	10.0	1013.32180452	338.0	4.0	3.0
0.94258374	0.95652175	0.98827624	1.0	0.19255282	0.17866937	0.91605722	10.0	1.0	0.0	12.0	1049.95936418	113.0	5.0	3.0
1.0	0.86956519	1.0	0.97727273	0.04187555	0.24879065	0.76764947	11.0	0.0	3.0	9.0	1100.50509453	411.0	6.0	3.0
0.94258374	0.78260869	0.98616963	0.84848485	0.21660472	0.47477189	0.58930667	10.0	1.0	4.0	8.0	1135.06292558	93.0	7.0	3.0
0.89952153	0.82608694	0.96492032	0.91666667	0.29665909	0.33627495	0.66414149	10.0	1.0	3.0	9.0	1168.68912578	37.0	8.0	3.0
1.0	0.82608694	1.0	0.96969697	0.05158246	0.28997924	0.66414149	10.0	1.0	3.0	9.0	1214.71349311	371.0	9.0	3.0
0.91826922	0.79166669	0.97623011	0.875	0.25841598	0.43261211	0.58536941	10.0	2.0	3.0	9.0	1248.07305741	49.0	0.0	4.0
1.0	0.91666669	1.0	0.95138889	0.05414833	0.26115319	0.84515425	12.0	0.0	2.0	10.0	1293.48148656	339.0	1.0	4.0
0.89952153	0.82608694	0.97461975	0.92424242	0.26532601	0.31980286	0.65909298	11.0	1.0	3.0	8.0	1330.31333375	65.0	2.0	4.0
0.86602873	0.82608694	0.95886018	0.89393939	0.34224513	0.44059089	0.65151515	10.0	2.0	2.0	9.0	1362.37769032	33.0	3.0	4.0
1.0	0.95652175	1.0	1.0	0.02849523	0.09625326	0.91666667	11.0	0.0	1.0	11.0	1417.32167459	500.0	4.0	4.0
0.91866028	0.78260869	0.9831471	0.93939394	0.22298331	0.36456851	0.63327851	11.0	0.0	5.0	7.0	1452.40230775	89.0	5.0	4.0
0.88995218	0.82608694	0.96656897	0.84090909	0.31109009	0.4352897	0.65151515	9.0	2.0	2.0	10.0	1486.31315684	39.0	6.0	4.0
0.91387558	0.9130435	0.97948342	0.93939394	0.24401437	0.36320276	0.83971912	11.0	0.0	2.0	10.0	1520.96302462	62.0	7.0	4.0
1.0	0.82608694	1.0	0.93181818	0.05584091	0.31017909	0.66414149	10.0	1.0	3.0	9.0	1569.22491884	344.0	8.0	4.0
1.0	0.82608694	1.0	0.95454545	0.02568137	0.28061299	0.65909298	8.0	3.0	1.0	11.0	1622.67334461	500.0	9.0	4.0
0.93269229	0.79166669	0.98150203	0.88194444	0.25057343	0.38063015	0.58536941	10.0	2.0	3.0	9.0	1659.21770048	60.0	0.0	5.0
0.88461536	0.79166669	0.95606733	0.88888889	0.32405282	0.48683063	0.60246408	11.0	1.0	4.0	8.0	1696.25997782	28.0	1.0	5.0
1.0	0.9130435	1.0	0.96969697	0.0431471	0.18000146	0.82575758	11.0	1.0	1.0	10.0	1747.47308612	420.0	2.0	5.0
1.0	0.9130435	1.0	0.98484848	0.06374042	0.19744642	0.83971912	10.0	2.0	0.0	11.0	1794.83939767	318.0	3.0	5.0
0.98086125	0.86956519	0.99871771	0.91666667	0.11292911	0.34998084	0.74047959	9.0	2.0	1.0	11.0	1838.27786732	227.0	4.0	5.0
0.93779904	0.86956519	0.98836783	0.90909091	0.19515265	0.31800278	0.76764947	11.0	0.0	3.0	9.0	1875.72144985	124.0	5.0	5.0
0.87559807	0.82608694	0.96336325	0.89393939	0.32160371	0.47192279	0.65151515	9.0	2.0	2.0	10.0	1911.24946809	34.0	6.0	5.0
0.98086125	0.9130435	0.99706906	0.98484848	0.12907072	0.22685171	0.83971912	11.0	0.0	2.0	10.0	1954.43590975	208.0	7.0	5.0
1.0	0.78260869	1.0	0.85606061	0.03800719	0.42702606	0.56818182	9.0	2.0	3.0	9.0	2004.25088239	366.0	8.0	5.0
0.86602873	0.86956519	0.95915003	0.88636364	0.31591604	0.42118736	0.76764947	11.0	0.0	3.0	9.0	2038.63459444	33.0	9.0	5.0
0.91346157	0.875	0.98288938	0.88888889	0.25777016	0.46404512	0.75261781	10.0	2.0	1.0	11.0	2078.27680159	63.0	0.0	6.0
0.93269229	0.83333331	0.98242693	0.94444444	0.23752077	0.38645234	0.6761234	11.0	1.0	3.0	9.0	2116.80800104	71.0	1.0	6.0
0.90909094	0.82608694	0.98020891	0.95454545	0.23852922	0.30875752	0.65151515	10.0	2.0	2.0	9.0	2152.73218632	76.0	2.0	6.0
1.0	0.95652175	1.0	1.0	0.02867882	0.13618257	0.91666667	11.0	1.0	0.0	11.0	2211.80820322	500.0	3.0	6.0
0.94258374	0.86956519	0.98745191	0.96212121	0.2107341	0.27372429	0.76764947	11.0	0.0	3.0	9.0	2250.8554275	110.0	4.0	6.0
1.0	0.82608694	1.0	0.93181818	0.03810639	0.30390697	0.65151515	9.0	2.0	2.0	10.0	2303.51433301	422.0	5.0	6.0
0.90430623	0.86956519	0.9695915	0.87878788	0.29200705	0.44051388	0.74242424	10.0	1.0	2.0	10.0	2339.38509345	48.0	6.0	6.0
0.98564595	0.78260869	0.99477926	0.87878788	0.13180271	0.41479156	0.56818182	9.0	2.0	3.0	9.0	2382.39667463	177.0	7.0	6.0
0.87081337	0.78260869	0.96895036	0.84848485	0.30671083	0.49979568	0.58930667	10.0	1.0	4.0	8.0	2419.81759238	45.0	8.0	6.0
1.0	0.86956519	1.0	0.97727273	0.02240679	0.2127935	0.74047959	9.0	2.0	1.0	11.0	2497.8760314	497.0	9.0	6.0
0.89903843	0.79166669	0.96096929	0.82638889	0.3357491	0.50296477	0.58536941	10.0	2.0	3.0	9.0	2536.37200904	21.0	0.0	7.0
0.93269229	0.91666669	0.98122457	0.95138889	0.22735617	0.30021836	0.84515425	12.0	0.0	2.0	10.0	2577.47233653	89.0	1.0	7.0
0.97129184	0.86956519	0.99001283	0.97727273	0.17614031	0.2786519	0.76764947	9.0	3.0	0.0	11.0	2619.0656476	147.0	2.0	7.0
0.99043059	0.82608694	1.0	0.93939394	0.08542546	0.30015376	0.65151515	10.0	2.0	2.0	9.0	2672.59784484	320.0	3.0	7.0
0.97607654	0.82608694	0.99193992	0.92424242	0.16108176	0.32284543	0.66414149	10.0	1.0	3.0	9.0	2716.22582364	151.0	4.0	7.0
0.98086125	0.73913044	0.99404653	0.88636364	0.14415239	0.44348003	0.48856385	9.0	2.0	4.0	8.0	2758.99031186	160.0	5.0	7.0
0.96172249	0.82608694	0.99258106	0.95454545	0.19022151	0.33041673	0.65151515	9.0	2.0	2.0	10.0	2802.00911474	136.0	6.0	7.0
1.0	1.0	1.0	1.0	0.03295615	0.07531158	1.0	11.0	0.0	0.0	12.0	2865.21454191	500.0	7.0	7.0
0.89473683	0.86956519	0.96455395	0.85606061	0.28996951	0.46648164	0.76764947	11.0	0.0	3.0	9.0	2902.30305576	50.0	8.0	7.0
0.86602873	0.82608694	0.96189778	0.83333333	0.33783066	0.54449793	0.65151515	9.0	2.0	2.0	10.0	2938.9556489	31.0	9.0	7.0
0.97115386	0.79166669	0.99371069	0.97222222	0.17251561	0.23535089	0.60246408	8.0	4.0	1.0	11.0	2978.09204173	147.0	0.0	8.0
0.94711536	0.79166669	0.98705142	0.89583333	0.19368696	0.39264877	0.58536941	10.0	2.0	3.0	9.0	3020.02650762	98.0	1.0	8.0
0.91866028	0.82608694	0.98213304	0.93939394	0.23523877	0.35023174	0.65151515	10.0	2.0	2.0	9.0	3059.40959406	80.0	2.0	8.0
0.9665072	0.9130435	0.99120396	0.96212121	0.16962952	0.25696706	0.82575758	11.0	1.0	1.0	10.0	3104.49608159	147.0	3.0	8.0
0.88995218	0.86956519	0.97197289	0.92424242	0.29353937	0.39679853	0.74047959	9.0	2.0	1.0	11.0	3149.34428954	39.0	4.0	8.0
0.86602873	0.78260869	0.96180619	0.81060606	0.34653648	0.52648363	0.56818182	9.0	2.0	3.0	9.0	3187.20987916	14.0	5.0	8.0
0.89473683	0.69565219	0.97059901	0.8030303	0.29192906	0.52700642	0.41096386	9.0	2.0	5.0	7.0	3228.29271245	50.0	6.0	8.0
0.96172249	0.9130435	0.98882579	0.98484848	0.19045479	0.242854	0.83971912	11.0	0.0	2.0	10.0	3269.07767963	118.0	7.0	8.0
1.0	0.82608694	1.0	0.9469697	0.03025824	0.30142364	0.65151515	9.0	2.0	2.0	10.0	3333.97778869	500.0	8.0	8.0
0.99043059	0.86956519	0.99981682	0.9469697	0.09501706	0.2882044	0.74242424	10.0	1.0	2.0	10.0	3385.38711953	273.0	9.0	8.0
0.99038464	0.91666669	0.99935257	0.98611111	0.09782617	0.17506384	0.83333333	11.0	1.0	1.0	11.0	3436.38004208	261.0	0.0	9.0
0.98076922	0.75	0.99398816	0.84027778	0.14546819	0.48947056	0.5	9.0	3.0	3.0	9.0	3481.56214118	181.0	1.0	9.0
1.0	0.95652175	1.0	0.96969697	0.02169553	0.20120951	0.91605722	12.0	0.0	1.0	10.0	3545.82886171	500.0	2.0	9.0
0.88038278	0.65217394	0.95006414	0.60606061	0.41439577	0.74569248	0.3030303	8.0	4.0	4.0	7.0	3584.48208189	10.0	3.0	9.0
0.98086125	0.78260869	0.99230628	0.93181818	0.16024231	0.34695411	0.56818182	9.0	2.0	3.0	9.0	3632.94654226	153.0	4.0	9.0
0.9665072	0.86956519	0.99084081	0.9469697	0.17452777	0.28960871	0.74242424	10.0	1.0	2.0	10.0	3677.92756438	129.0	5.0	9.0
1.0	0.82608694	1.0	0.98484848	0.03680004	0.24890025	0.6992059	11.0	0.0	4.0	8.0	3738.30857682	437.0	6.0	9.0
1.0	0.86956519	1.0	0.93181818	0.02757104	0.27330998	0.74242424	10.0	1.0	2.0	10.0	3805.48553681	467.0	7.0	9.0
0.91866028	0.86956519	0.98049093	0.96969697	0.23473017	0.23560852	0.76764947	11.0	0.0	3.0	9.0	3847.15825105	90.0	8.0	9.0
0.98086125	0.9130435	0.99422971	0.98484848	0.15240797	0.26288442	0.83743579	9.0	2.0	0.0	12.0	3892.92494416	167.0	9.0	9.0
0.87980771	0.83333331	0.97382538	0.84027778	0.3077922	0.45268119	0.6761234	9.0	3.0	1.0	11.0	3935.10251594	45.0	0.0	10.0
1.0	0.91666669	1.0	0.95833333	0.02795249	0.22340691	0.84515425	12.0	0.0	2.0	10.0	3999.87113571	449.0	1.0	10.0
0.90430623	0.86956519	0.97223749	0.88636364	0.28513497	0.4382737	0.74242424	10.0	2.0	1.0	10.0	4040.65031958	55.0	2.0	10.0
0.99043059	0.78260869	0.99917537	0.89393939	0.10085454	0.39231968	0.56818182	9.0	3.0	2.0	9.0	4092.98725557	251.0	3.0	10.0
0.93779904	0.86956519	0.98406302	0.98484848	0.2329961	0.24118143	0.76277007	8.0	3.0	0.0	12.0	4138.18480206	84.0	4.0	10.0
0.92344499	0.82608694	0.98616963	0.92424242	0.21104679	0.39655255	0.6992059	11.0	0.0	4.0	8.0	4184.95328283	100.0	5.0	10.0
0.90909094	0.78260869	0.97609452	0.86363636	0.25512005	0.4674281	0.58930667	10.0	1.0	4.0	8.0	4229.33194494	74.0	6.0	10.0
1.0	0.95652175	1.0	0.97727273	0.04361795	0.23451772	0.91666667	11.0	0.0	1.0	11.0	4288.76961732	371.0	7.0	10.0
0.91866028	0.69565219	0.97820114	0.77272727	0.2740494	0.58640298	0.44411739	10.0	1.0	6.0	6.0	4337.64335489	61.0	8.0	10.0
1.0	0.86956519	1.0	0.96212121	0.0227327	0.2424725	0.74047959	9.0	2.0	1.0	11.0	4407.07127476	500.0	9.0	10.0
