train_acc	val_acc	train_auc	val_auc	train_loss	val_loss	val_mmc	tn	fp	fn	tp	time	ep_stopped	index_fold	seed
0.99519229	0.875	0.99981502	0.96527778	0.06200473	0.28759471	0.75261781	11.0	1.0	2.0	10.0	84.28991818	312.0	0.0	1.0
0.90865386	0.875	0.97752497	0.97916667	0.22489855	0.25645798	0.75261781	10.0	2.0	1.0	11.0	113.2226913	71.0	1.0	1.0
0.89473683	0.73913044	0.96628184	0.79545455	0.27513093	0.53893873	0.47727273	9.0	3.0	3.0	8.0	139.56971216	29.0	2.0	1.0
0.94258374	0.9130435	0.98964633	0.9469697	0.18598972	0.27594227	0.82575758	11.0	1.0	1.0	10.0	167.97936082	118.0	3.0	1.0
0.94258374	0.9130435	0.99084081	0.96212121	0.17538129	0.27519175	0.82575758	10.0	1.0	1.0	11.0	198.58187175	130.0	4.0	1.0
0.93779904	0.95652175	0.98378824	1.0	0.19725211	0.16880699	0.91605722	10.0	1.0	0.0	12.0	227.93643427	106.0	5.0	1.0
0.87081337	0.95652175	0.96821762	0.93939394	0.27322528	0.33949872	0.91605722	10.0	1.0	0.0	12.0	272.6863544	38.0	6.0	1.0
1.0	0.9130435	1.0	0.98484848	0.03887725	0.18662696	0.82575758	10.0	1.0	1.0	11.0	314.1752646	457.0	7.0	1.0
0.91387558	0.78260869	0.98003297	0.91666667	0.22481425	0.39931789	0.58930667	10.0	1.0	4.0	8.0	342.99301767	71.0	8.0	1.0
0.9665072	0.82608694	0.99258106	0.9469697	0.15296492	0.30734306	0.6992059	11.0	0.0	4.0	8.0	376.40294504	195.0	9.0	1.0
0.94711536	0.91666669	0.99176841	0.97222222	0.15946917	0.23805668	0.84515425	12.0	0.0	2.0	10.0	409.33459544	136.0	0.0	2.0
0.86538464	0.83333331	0.95495745	0.86805556	0.30855373	0.48854528	0.70710678	12.0	0.0	4.0	8.0	437.59147191	20.0	1.0	2.0
1.0	1.0	1.0	1.0	0.03422984	0.05310679	1.0	12.0	0.0	0.0	11.0	482.41965818	500.0	2.0	2.0
0.97129184	0.82608694	0.99404435	0.93181818	0.13520482	0.39248811	0.66414149	9.0	3.0	1.0	10.0	517.50362062	165.0	3.0	2.0
0.92344499	0.86956519	0.98708555	0.93181818	0.20747923	0.31448875	0.74047959	9.0	2.0	1.0	11.0	548.67676806	100.0	4.0	2.0
0.88516748	0.82608694	0.9673933	0.88636364	0.28968516	0.42510321	0.65909298	8.0	3.0	1.0	11.0	577.58614826	38.0	5.0	2.0
0.98086125	0.9130435	0.99899249	0.95454545	0.08394294	0.24287459	0.83971912	11.0	0.0	2.0	10.0	613.61771488	274.0	6.0	2.0
1.0	1.0	1.0	1.0	0.03521337	0.05674373	1.0	11.0	0.0	0.0	12.0	659.48916864	500.0	7.0	2.0
0.93779904	0.86956519	0.98818465	0.9469697	0.20200626	0.34174447	0.76277007	8.0	3.0	0.0	12.0	692.64508152	106.0	8.0	2.0
0.97129184	0.82608694	0.99578677	0.9469697	0.12644908	0.35704646	0.66414149	10.0	1.0	3.0	9.0	728.38177919	200.0	9.0	2.0
0.86538464	0.875	0.95948946	0.92361111	0.30866523	0.36442613	0.77459667	9.0	3.0	0.0	12.0	760.44262767	22.0	0.0	3.0
1.0	0.95833331	1.0	0.98611111	0.05303488	0.13778563	0.91986621	11.0	1.0	0.0	12.0	805.26809287	403.0	1.0	3.0
0.94736844	0.78260869	0.9895547	0.92424242	0.19254303	0.40833846	0.56818182	9.0	3.0	2.0	9.0	838.60961509	143.0	2.0	3.0
0.93301433	0.86956519	0.98350742	0.96212121	0.19512619	0.27181898	0.74047959	11.0	1.0	2.0	9.0	870.98720264	87.0	3.0	3.0
0.95693779	0.9130435	0.99221469	0.88636364	0.15254804	0.39268691	0.83971912	11.0	0.0	2.0	10.0	906.35919762	165.0	4.0	3.0
0.94258374	0.86956519	0.98754351	0.98484848	0.18318598	0.22309888	0.76277007	8.0	3.0	0.0	12.0	940.65000343	111.0	5.0	3.0
0.98086125	0.82608694	0.99422971	0.93939394	0.13205113	0.35673165	0.6992059	11.0	0.0	4.0	8.0	980.48057389	198.0	6.0	3.0
0.90909094	0.78260869	0.97270562	0.87878788	0.25683877	0.43798654	0.58930667	10.0	1.0	4.0	8.0	1013.23353815	48.0	7.0	3.0
0.98564595	0.86956519	0.99844294	0.95454545	0.09077828	0.27717105	0.74242424	10.0	1.0	2.0	10.0	1052.83593392	245.0	8.0	3.0
0.93779904	0.95652175	0.99093241	0.96212121	0.18178942	0.25857354	0.91666667	11.0	0.0	1.0	11.0	1085.76191878	127.0	9.0	3.0
0.89903843	0.79166669	0.97012579	0.83333333	0.25524758	0.48685582	0.58536941	10.0	2.0	3.0	9.0	1118.45875502	36.0	0.0	4.0
0.96634614	0.95833331	0.99324824	0.98611111	0.15303844	0.19036814	0.91986621	12.0	0.0	1.0	11.0	1153.16323543	146.0	1.0	4.0
0.94258374	0.86956519	0.98772219	0.93939394	0.18792822	0.26599624	0.74047959	11.0	1.0	2.0	9.0	1188.1340847	110.0	2.0	4.0
0.89473683	0.9130435	0.97003848	0.9469697	0.28016549	0.38199083	0.82575758	11.0	1.0	1.0	10.0	1220.51988006	40.0	3.0	4.0
1.0	0.95652175	1.0	1.0	0.03694204	0.07852171	0.91666667	11.0	0.0	1.0	11.0	1268.26563525	500.0	4.0	4.0
0.94258374	0.86956519	0.98919216	0.96969697	0.1781215	0.30565728	0.76764947	11.0	0.0	3.0	9.0	1302.16923213	121.0	5.0	4.0
0.97607654	0.82608694	0.99688588	0.93181818	0.12074185	0.40666687	0.65151515	9.0	2.0	2.0	10.0	1339.1307621	181.0	6.0	4.0
0.89473683	0.86956519	0.97508701	0.93181818	0.23696117	0.3384267	0.74242424	10.0	1.0	2.0	10.0	1372.82274604	47.0	7.0	4.0
1.0	0.82608694	1.0	0.95454545	0.03718148	0.24556088	0.65151515	9.0	2.0	2.0	10.0	1426.39021873	500.0	8.0	4.0
1.0	0.9130435	1.0	0.93939394	0.04488587	0.27252575	0.82575758	10.0	1.0	1.0	11.0	1478.58229589	500.0	9.0	4.0
0.99519229	0.875	0.99916759	0.95833333	0.07039675	0.27693535	0.75261781	11.0	1.0	2.0	10.0	1521.70242333	288.0	0.0	5.0
0.87980771	0.79166669	0.96753607	0.86805556	0.29222539	0.45478473	0.60246408	11.0	1.0	4.0	8.0	1553.82366085	20.0	1.0	5.0
0.99043059	0.95652175	0.99844237	0.99242424	0.09250962	0.10906893	0.91605722	12.0	0.0	1.0	10.0	1594.12966585	282.0	2.0	5.0
1.0	0.9130435	1.0	0.97727273	0.0305335	0.16904709	0.82575758	11.0	1.0	1.0	10.0	1644.51781082	500.0	3.0	5.0
0.97129184	0.82608694	0.99313061	0.95454545	0.15785715	0.31921144	0.65151515	9.0	2.0	2.0	10.0	1682.09473825	183.0	4.0	5.0
0.99043059	0.9130435	0.99853453	0.9469697	0.08733035	0.27168535	0.83971912	11.0	0.0	2.0	10.0	1725.27731967	278.0	5.0	5.0
0.87081337	0.86956519	0.96913354	0.86363636	0.29291067	0.43843179	0.74047959	9.0	2.0	1.0	11.0	1758.68265486	30.0	6.0	5.0
0.9952153	0.9130435	0.99917567	0.97727273	0.07636311	0.17924242	0.83971912	11.0	0.0	2.0	10.0	1807.70167017	367.0	7.0	5.0
0.99043059	0.9130435	0.99725224	0.93939394	0.09640545	0.40920978	0.83743579	9.0	2.0	0.0	12.0	1846.48557186	230.0	8.0	5.0
0.87081337	0.82608694	0.95594431	0.92424242	0.31080853	0.36634662	0.66414149	10.0	1.0	3.0	9.0	1879.78933787	23.0	9.0	5.0
0.93269229	0.875	0.98797632	0.90972222	0.21499549	0.44104435	0.77459667	9.0	3.0	0.0	12.0	1915.63283134	69.0	0.0	6.0
0.92788464	0.83333331	0.98917869	0.96527778	0.18145295	0.35242387	0.6761234	11.0	1.0	3.0	9.0	1951.3568182	99.0	1.0	6.0
1.0	0.9130435	1.0	0.99242424	0.03392423	0.17443142	0.83971912	10.0	2.0	0.0	11.0	2001.77523303	500.0	2.0	6.0
1.0	0.9130435	1.0	0.96969697	0.0423362	0.1899706	0.82575758	11.0	1.0	1.0	10.0	2058.33688593	500.0	3.0	6.0
0.90909094	0.86956519	0.97417109	0.95454545	0.24935616	0.30575572	0.74242424	10.0	1.0	2.0	10.0	2091.78127313	62.0	4.0	6.0
0.93779904	0.82608694	0.98433779	0.91666667	0.20240225	0.34145753	0.65909298	8.0	3.0	1.0	11.0	2126.45969582	102.0	5.0	6.0
0.91866028	0.82608694	0.98287232	0.9469697	0.21368723	0.31508001	0.65151515	9.0	2.0	2.0	10.0	2164.11837316	81.0	6.0	6.0
0.98564595	0.78260869	0.99725224	0.88636364	0.09638257	0.39949843	0.56490196	8.0	3.0	2.0	10.0	2206.0572226	235.0	7.0	6.0
0.87081337	0.78260869	0.95887525	0.83333333	0.32953768	0.49723676	0.58930667	10.0	1.0	4.0	8.0	2239.52077627	28.0	8.0	6.0
1.0	0.95652175	1.0	0.98484848	0.03138478	0.15139227	0.91605722	10.0	1.0	0.0	12.0	2315.18848419	500.0	9.0	6.0
0.89903843	0.79166669	0.96392897	0.88888889	0.29141197	0.41660976	0.58536941	10.0	2.0	3.0	9.0	2349.83592916	23.0	0.0	7.0
0.97596157	0.875	0.99759526	0.95833333	0.11023966	0.28043785	0.75261781	11.0	1.0	2.0	10.0	2391.68930078	227.0	1.0	7.0
1.0	1.0	1.0	1.0	0.04220087	0.06968356	1.0	12.0	0.0	0.0	11.0	2445.19739819	500.0	2.0	7.0
0.97607654	0.9130435	0.99376947	0.96212121	0.15504153	0.29250845	0.83971912	10.0	2.0	0.0	11.0	2486.22488737	198.0	3.0	7.0
1.0	0.86956519	1.0	0.96969697	0.03619278	0.21623936	0.76764947	11.0	0.0	3.0	9.0	2541.48794341	482.0	4.0	7.0
0.94736844	0.82608694	0.99285583	0.93181818	0.16132734	0.34783239	0.65151515	9.0	2.0	2.0	10.0	2581.71945143	144.0	5.0	7.0
0.94258374	0.82608694	0.99074922	0.9469697	0.18539753	0.30252286	0.65151515	9.0	2.0	2.0	10.0	2618.60477638	128.0	6.0	7.0
0.98564595	1.0	0.9944129	1.0	0.12179924	0.09134988	1.0	11.0	0.0	0.0	12.0	2664.12888813	249.0	7.0	7.0
0.99043059	0.82608694	0.99835135	0.96969697	0.08501256	0.35467604	0.66414149	10.0	1.0	3.0	9.0	2709.89722276	295.0	8.0	7.0
0.88038278	0.86956519	0.96418758	0.87121212	0.29796281	0.46563109	0.74242424	10.0	1.0	2.0	10.0	2746.57717729	31.0	9.0	7.0
0.98076922	0.95833331	0.99509804	1.0	0.12668862	0.1497663	0.91986621	11.0	1.0	0.0	12.0	2791.40524769	226.0	0.0	8.0
0.98076922	0.79166669	0.99509804	0.90972222	0.11936637	0.35329362	0.58536941	10.0	2.0	3.0	9.0	2835.95138812	183.0	1.0	8.0
0.91387558	0.9130435	0.97205424	0.93181818	0.24590256	0.32521388	0.83971912	10.0	2.0	0.0	11.0	2871.85276818	52.0	2.0	8.0
0.98086125	0.9130435	0.99541873	1.0	0.12594984	0.16140529	0.83743579	12.0	0.0	2.0	9.0	2916.93964958	194.0	3.0	8.0
0.89952153	0.78260869	0.97563656	0.9469697	0.25591767	0.32793083	0.58002308	7.0	4.0	1.0	11.0	2959.51449227	42.0	4.0	8.0
0.87559807	0.78260869	0.96208097	0.84848485	0.3077592	0.48549607	0.56490196	8.0	3.0	2.0	10.0	2994.92339897	13.0	5.0	8.0
0.97129184	0.73913044	0.99422971	0.88636364	0.13772909	0.42322761	0.48856385	9.0	2.0	4.0	8.0	3038.90936828	188.0	6.0	8.0
0.93301433	0.86956519	0.98662759	0.95454545	0.18704084	0.28540504	0.74242424	10.0	1.0	2.0	10.0	3080.16195965	108.0	7.0	8.0
1.0	0.9130435	1.0	0.96969697	0.05077191	0.20910464	0.83971912	11.0	0.0	2.0	10.0	3139.63883924	500.0	8.0	8.0
0.98086125	0.9130435	0.99532881	0.96969697	0.1267205	0.18780046	0.83971912	11.0	0.0	2.0	10.0	3186.5973773	233.0	9.0	8.0
0.94711536	0.875	0.99139845	0.98611111	0.15577039	0.16749027	0.75261781	11.0	1.0	2.0	10.0	3232.51722956	176.0	0.0	9.0
0.94230771	0.79166669	0.98446171	0.86805556	0.20888185	0.41383024	0.60246408	11.0	1.0	4.0	8.0	3275.40918612	114.0	1.0	9.0
0.94736844	0.9130435	0.98891332	0.93939394	0.17224476	0.28292153	0.83743579	12.0	0.0	2.0	9.0	3317.24073148	113.0	2.0	9.0
0.88038278	0.65217394	0.96307495	0.68181818	0.34355996	0.65561133	0.3030303	8.0	4.0	4.0	7.0	3353.8392415	10.0	3.0	9.0
0.96172249	0.86956519	0.991024	0.9469697	0.17047299	0.30380045	0.74047959	9.0	2.0	1.0	11.0	3394.31034207	140.0	4.0	9.0
1.0	0.9130435	1.0	0.97727273	0.03198048	0.19626287	0.82575758	10.0	1.0	1.0	11.0	3454.44711876	500.0	5.0	9.0
1.0	0.95652175	1.0	1.0	0.04409802	0.12389368	0.91605722	10.0	1.0	0.0	12.0	3513.63641548	500.0	6.0	9.0
1.0	0.9130435	1.0	0.99242424	0.03553165	0.17680747	0.83743579	9.0	2.0	0.0	12.0	3572.26603079	500.0	7.0	9.0
0.89473683	0.9130435	0.97160652	0.97727273	0.24490019	0.22223019	0.83971912	11.0	0.0	2.0	10.0	3612.24832654	65.0	8.0	9.0
0.92822969	0.86956519	0.98818465	0.97727273	0.18905595	0.23793456	0.76277007	8.0	3.0	0.0	12.0	3654.3268764	119.0	9.0	9.0
0.87980771	0.875	0.96513134	0.86111111	0.31265865	0.42083321	0.75261781	10.0	2.0	1.0	11.0	3694.45390487	32.0	0.0	10.0
1.0	0.875	1.0	0.97222222	0.02919869	0.18877725	0.75261781	10.0	2.0	1.0	11.0	3753.94344449	500.0	1.0	10.0
0.9665072	0.9130435	0.9938611	0.93181818	0.14152173	0.31495035	0.82575758	11.0	1.0	1.0	10.0	3799.6021328	167.0	2.0	10.0
1.0	0.86956519	1.0	0.95454545	0.03780701	0.28554315	0.74047959	11.0	1.0	2.0	9.0	3860.9425118	500.0	3.0	10.0
0.91866028	0.9130435	0.97765158	0.98484848	0.24541907	0.20301946	0.83743579	9.0	2.0	0.0	12.0	3899.54859257	64.0	4.0	10.0
0.94736844	0.82608694	0.99129877	0.95454545	0.15694535	0.40288731	0.66414149	10.0	1.0	3.0	9.0	3940.52389503	148.0	5.0	10.0
0.9952153	0.82608694	0.99990841	0.90151515	0.06597	0.40701433	0.66414149	10.0	1.0	3.0	9.0	3994.07629204	347.0	6.0	10.0
0.96172249	0.95652175	0.99303902	0.98484848	0.14679151	0.21219074	0.91666667	11.0	0.0	1.0	11.0	4035.38728786	152.0	7.0	10.0
0.88995218	0.69565219	0.97362154	0.81060606	0.26108383	0.51387484	0.44411739	10.0	1.0	6.0	6.0	4080.18573904	59.0	8.0	10.0
0.9665072	0.9130435	0.99303902	0.98484848	0.14232689	0.20401725	0.83743579	9.0	2.0	0.0	12.0	4127.27248549	168.0	9.0	10.0
