train_acc	val_acc	train_auc	val_auc	train_loss	val_loss	val_mmc	tn	fp	fn	tp	time	ep_stopped	index_fold	seed
0.969697	0.72727275	0.99599542	0.77777778	0.12479987	0.42146719	0.24056261	7.0	2.0	1.0	1.0	44.57007432	13.0	0.0	1.0
0.969697	0.81818181	0.99828375	0.77777778	0.11933067	0.34811383	0.38888889	8.0	1.0	1.0	1.0	60.95073891	15.0	1.0	1.0
0.969697	0.81818181	0.99599542	0.94444444	0.13076158	0.25736544	0.38888889	8.0	1.0	1.0	1.0	76.28928876	14.0	2.0	1.0
1.0	0.90909094	1.0	1.0	0.00064783	0.16493241	0.67082039	9.0	0.0	1.0	1.0	101.31670022	500.0	3.0	1.0
0.98989898	0.81818181	1.0	0.88888889	0.09413562	0.38577089	0.38888889	8.0	1.0	1.0	1.0	117.45752883	31.0	4.0	1.0
0.969697	1.0	0.99940968	1.0	0.12163218	0.13382202	1.0	8.0	0.0	0.0	3.0	133.79380131	18.0	5.0	1.0
1.0	0.81818181	1.0	0.95833333	0.03617694	0.29846475	0.54166667	7.0	1.0	1.0	2.0	150.36547041	55.0	6.0	1.0
0.98989898	0.90909094	1.0	0.95833333	0.09825244	0.27983746	0.76980036	8.0	0.0	1.0	2.0	165.64010286	21.0	7.0	1.0
0.94949496	0.81818181	0.97815821	0.70833333	0.18965995	0.58696228	0.54166667	7.0	1.0	1.0	2.0	181.07885075	8.0	8.0	1.0
0.98989898	0.90909094	1.0	1.0	0.09655162	0.31222439	0.76980036	8.0	0.0	1.0	2.0	197.48663092	20.0	9.0	1.0
1.0	0.90909094	1.0	0.88888889	0.0131054	0.26553982	0.67082039	9.0	0.0	1.0	1.0	218.09555888	91.0	0.0	2.0
0.97979796	0.81818181	0.99885584	0.88888889	0.1144472	0.2846919	0.38888889	8.0	1.0	1.0	1.0	234.1463294	20.0	1.0	2.0
1.0	0.90909094	1.0	0.83333333	0.05605196	0.36953372	0.67082039	9.0	0.0	1.0	1.0	250.28168106	37.0	2.0	2.0
0.97979796	0.90909094	0.99885584	1.0	0.10938646	0.19882078	0.67082039	9.0	0.0	1.0	1.0	265.41256237	19.0	3.0	2.0
1.0	1.0	1.0	1.0	0.00071039	0.08441926	1.0	9.0	0.0	0.0	2.0	292.87894344	500.0	4.0	2.0
1.0	0.90909094	1.0	1.0	0.0288756	0.12058968	0.81009259	7.0	1.0	0.0	3.0	310.60313058	56.0	5.0	2.0
0.95959598	0.72727275	0.99704841	1.0	0.12475734	0.31588048	0.0	8.0	0.0	3.0	0.0	331.33821464	16.0	6.0	2.0
1.0	0.90909094	1.0	0.83333333	0.0802102	0.53362554	0.76980036	8.0	0.0	1.0	2.0	348.49336505	25.0	7.0	2.0
0.98989898	0.72727275	0.99940968	0.70833333	0.07549324	0.65848947	0.24056261	7.0	1.0	2.0	1.0	365.79416227	29.0	8.0	2.0
0.97979796	0.81818181	0.99822904	0.91666667	0.11062394	0.3782216	0.51639778	8.0	0.0	2.0	1.0	383.46526766	18.0	9.0	2.0
1.0	0.90909094	1.0	0.94444444	0.0543224	0.19651704	0.76980036	8.0	1.0	0.0	2.0	402.20899701	31.0	0.0	3.0
1.0	1.0	1.0	1.0	0.00061072	0.01656185	1.0	9.0	0.0	0.0	2.0	429.66100788	500.0	1.0	3.0
0.9191919	0.63636363	0.97654462	0.44444444	0.20717631	0.68118596	-0.22222222	7.0	2.0	2.0	0.0	446.10456777	6.0	2.0	3.0
0.95959598	0.81818181	0.98913043	0.94444444	0.15782128	0.27978751	0.0	9.0	0.0	2.0	0.0	466.70742345	10.0	3.0	3.0
0.95959598	0.81818181	0.99542334	0.77777778	0.16161999	0.45016032	0.38888889	8.0	1.0	1.0	1.0	484.37454081	9.0	4.0	3.0
0.98989898	0.81818181	0.99881936	1.0	0.09556083	0.30295864	0.51639778	8.0	0.0	2.0	1.0	503.79238558	19.0	5.0	3.0
1.0	0.90909094	1.0	0.875	0.07010223	0.2891393	0.76980036	8.0	0.0	1.0	2.0	521.0859704	31.0	6.0	3.0
0.969697	0.81818181	1.0	1.0	0.10010972	0.22059657	0.51639778	8.0	0.0	2.0	1.0	538.09872222	23.0	7.0	3.0
1.0	0.90909094	1.0	1.0	0.00084949	0.13978988	0.81009259	7.0	1.0	0.0	3.0	565.0160954	500.0	8.0	3.0
0.95959598	0.90909094	0.99704841	0.91666667	0.13814734	0.29068795	0.81009259	7.0	1.0	0.0	3.0	583.83864474	14.0	9.0	3.0
1.0	1.0	1.0	1.0	0.00069286	0.02094638	1.0	9.0	0.0	0.0	2.0	611.34076643	500.0	0.0	4.0
1.0	1.0	1.0	1.0	0.00063912	0.0406663	1.0	9.0	0.0	0.0	2.0	639.2474401	500.0	1.0	4.0
0.95959598	0.90909094	0.9902746	0.94444444	0.17582173	0.35994348	0.67082039	9.0	0.0	1.0	1.0	656.07094622	10.0	2.0	4.0
1.0	0.81818181	1.0	0.88888889	0.04927135	0.41490936	0.38888889	8.0	1.0	1.0	1.0	677.10996318	40.0	3.0	4.0
1.0	0.81818181	1.0	0.94444444	0.06961332	0.23023814	0.38888889	8.0	1.0	1.0	1.0	695.14785576	30.0	4.0	4.0
0.97979796	0.72727275	0.99645809	0.875	0.11902866	0.42331532	0.24056261	7.0	1.0	2.0	1.0	712.84298658	19.0	5.0	4.0
0.969697	0.63636363	0.99704841	0.75	0.09937999	0.4795168	0.08333333	6.0	2.0	2.0	1.0	730.43665576	18.0	6.0	4.0
0.98989898	0.90909094	1.0	0.91666667	0.08256214	0.28581971	0.76980036	8.0	0.0	1.0	2.0	749.39554715	25.0	7.0	4.0
0.97979796	0.72727275	0.99940968	0.79166667	0.09283182	0.56777638	0.0	8.0	0.0	3.0	0.0	769.46340561	21.0	8.0	4.0
1.0	0.90909094	1.0	1.0	0.03994778	0.21520819	0.76980036	8.0	0.0	1.0	2.0	789.46403337	46.0	9.0	4.0
0.969697	0.90909094	0.99427918	1.0	0.14198488	0.1809154	0.67082039	9.0	0.0	1.0	1.0	806.94577622	14.0	0.0	5.0
0.89898992	0.81818181	0.95995423	0.44444444	0.23098062	0.59967762	0.38888889	8.0	1.0	1.0	1.0	824.63149834	6.0	1.0	5.0
1.0	0.90909094	1.0	1.0	0.01893089	0.1592072	0.67082039	9.0	0.0	1.0	1.0	843.4352634	71.0	2.0	5.0
0.98989898	0.81818181	1.0	0.88888889	0.09757234	0.41447371	0.0	9.0	0.0	2.0	0.0	863.37032437	19.0	3.0	5.0
0.98989898	0.90909094	1.0	0.94444444	0.06786644	0.18002871	0.67082039	9.0	0.0	1.0	1.0	882.25082731	32.0	4.0	5.0
0.9191919	0.72727275	0.98229044	0.83333333	0.17910216	0.73065925	0.0	8.0	0.0	3.0	0.0	900.85646939	10.0	5.0	5.0
1.0	0.90909094	1.0	0.875	0.04059056	0.25826293	0.81009259	7.0	1.0	0.0	3.0	922.74403095	38.0	6.0	5.0
0.969697	0.63636363	0.99409681	0.83333333	0.1284373	0.44397566	0.2608746	5.0	3.0	1.0	2.0	941.58658743	14.0	7.0	5.0
1.0	0.81818181	1.0	0.95833333	0.04147122	0.27810466	0.54166667	7.0	1.0	1.0	2.0	960.87683344	50.0	8.0	5.0
0.95959598	0.90909094	0.99350649	1.0	0.14977392	0.15544437	0.76980036	8.0	0.0	1.0	2.0	979.86977458	13.0	9.0	5.0
0.9191919	0.63636363	0.97196796	0.55555556	0.2194361	0.52865976	-0.22222222	7.0	2.0	2.0	0.0	998.40173268	6.0	0.0	6.0
0.98989898	0.90909094	0.99942792	0.77777778	0.08378463	0.36639547	0.67082039	9.0	0.0	1.0	1.0	1016.90197921	21.0	1.0	6.0
1.0	0.90909094	1.0	0.94444444	0.00333182	0.20155296	0.67082039	9.0	0.0	1.0	1.0	1041.24140382	264.0	2.0	6.0
0.98989898	0.81818181	1.0	0.94444444	0.08107265	0.22911309	0.38888889	8.0	1.0	1.0	1.0	1062.41423154	25.0	3.0	6.0
0.94949496	0.81818181	0.97597254	0.55555556	0.20833306	0.54261887	0.0	9.0	0.0	2.0	0.0	1081.81995344	6.0	4.0	6.0
0.98989898	0.81818181	1.0	0.91666667	0.0858339	0.38521376	0.51639778	8.0	0.0	2.0	1.0	1101.06343675	21.0	5.0	6.0
0.969697	0.90909094	0.99586777	1.0	0.12741649	0.14364865	0.76980036	8.0	0.0	1.0	2.0	1121.02166271	19.0	6.0	6.0
0.98989898	0.81818181	0.99940968	0.91666667	0.10385022	0.28630763	0.51639778	8.0	0.0	2.0	1.0	1140.84617209	18.0	7.0	6.0
0.95959598	0.90909094	0.99291617	0.83333333	0.12925507	0.49535474	0.76980036	8.0	0.0	1.0	2.0	1159.47281194	11.0	8.0	6.0
1.0	1.0	1.0	1.0	0.00073513	0.08292305	1.0	8.0	0.0	0.0	3.0	1194.39618754	500.0	9.0	6.0
0.95959598	0.81818181	0.99370709	0.77777778	0.14122345	0.42517358	0.38888889	8.0	1.0	1.0	1.0	1218.99393415	11.0	0.0	7.0
0.87878788	0.63636363	0.95709382	0.77777778	0.23613521	0.5933786	-0.22222222	7.0	2.0	2.0	0.0	1238.70888853	6.0	1.0	7.0
0.93939394	0.90909094	0.98169336	0.72222222	0.18775734	0.44793233	0.67082039	9.0	0.0	1.0	1.0	1258.90466166	9.0	2.0	7.0
1.0	1.0	1.0	1.0	0.00055962	0.00797272	1.0	9.0	0.0	0.0	2.0	1292.84262466	500.0	3.0	7.0
1.0	1.0	1.0	1.0	0.00055838	0.02980216	1.0	9.0	0.0	0.0	2.0	1326.35549164	500.0	4.0	7.0
1.0	0.81818181	1.0	1.0	0.03560517	0.24921174	0.67082039	6.0	2.0	0.0	3.0	1346.97171998	51.0	5.0	7.0
0.969697	0.81818181	0.98996458	0.95833333	0.14491301	0.29590967	0.51639778	8.0	0.0	2.0	1.0	1368.39673758	12.0	6.0	7.0
0.98989898	0.72727275	1.0	0.79166667	0.05871351	0.5511089	0.24056261	7.0	1.0	2.0	1.0	1389.451648	27.0	7.0	7.0
0.98989898	0.72727275	0.99763872	0.83333333	0.10101844	0.53821862	0.0	8.0	0.0	3.0	0.0	1410.81456733	17.0	8.0	7.0
0.97979796	0.72727275	0.99763872	0.79166667	0.13282843	0.62042451	0.0	8.0	0.0	3.0	0.0	1432.76682258	15.0	9.0	7.0
1.0	0.90909094	1.0	0.94444444	0.00072182	0.19924527	0.76980036	8.0	1.0	0.0	2.0	1467.16000414	486.0	0.0	8.0
1.0	0.81818181	1.0	0.88888889	0.03603232	0.36457106	0.38888889	8.0	1.0	1.0	1.0	1490.0465281	48.0	1.0	8.0
1.0	0.90909094	1.0	1.0	0.00064925	0.0753996	0.76980036	8.0	1.0	0.0	2.0	1525.31367993	500.0	2.0	8.0
0.969697	0.90909094	0.99542334	1.0	0.13066685	0.18695138	0.67082039	9.0	0.0	1.0	1.0	1547.40872478	16.0	3.0	8.0
0.98989898	0.90909094	1.0	1.0	0.09057039	0.21252622	0.67082039	9.0	0.0	1.0	1.0	1573.19750524	22.0	4.0	8.0
0.97979796	0.81818181	0.99704841	0.79166667	0.10089101	0.65630627	0.51639778	8.0	0.0	2.0	1.0	1594.93316078	19.0	5.0	8.0
0.97979796	0.72727275	0.99881936	0.91666667	0.1195581	0.39338815	0.38575837	6.0	2.0	1.0	2.0	1616.65311837	13.0	6.0	8.0
1.0	1.0	1.0	1.0	0.00059287	0.09679998	1.0	8.0	0.0	0.0	3.0	1654.48309183	500.0	7.0	8.0
0.93939394	0.72727275	0.98465171	0.91666667	0.17932341	0.38446	0.24056261	7.0	1.0	2.0	1.0	1676.73206091	10.0	8.0	8.0
0.93939394	0.72727275	0.97992916	0.75	0.17755368	0.70924908	0.0	8.0	0.0	3.0	0.0	1699.20450783	10.0	9.0	8.0
1.0	0.81818181	1.0	0.94444444	0.00065834	0.28881511	0.0	9.0	0.0	2.0	0.0	1736.12541175	500.0	0.0	9.0
1.0	1.0	1.0	1.0	0.00082229	0.01080247	1.0	9.0	0.0	0.0	2.0	1775.62834597	500.0	1.0	9.0
0.9191919	0.81818181	0.97482838	0.66666667	0.20461726	0.65071708	0.38888889	8.0	1.0	1.0	1.0	1799.91442347	6.0	2.0	9.0
0.93939394	0.81818181	0.98512586	0.61111111	0.16781363	0.58996445	0.0	9.0	0.0	2.0	0.0	1822.15717077	9.0	3.0	9.0
0.98989898	0.90909094	1.0	0.83333333	0.09702867	0.30516508	0.67082039	9.0	0.0	1.0	1.0	1844.80214572	19.0	4.0	9.0
0.97979796	0.90909094	0.99940968	0.91666667	0.11695087	0.262133	0.81009259	7.0	1.0	0.0	3.0	1867.78830409	15.0	5.0	9.0
0.97979796	0.90909094	1.0	0.95833333	0.1126813	0.38098508	0.81009259	7.0	1.0	0.0	3.0	1890.52589202	14.0	6.0	9.0
1.0	0.90909094	1.0	1.0	0.02567125	0.18717428	0.76980036	8.0	0.0	1.0	2.0	1914.71806884	53.0	7.0	9.0
0.969697	0.81818181	0.98288076	0.91666667	0.16469935	0.45222968	0.51639778	8.0	0.0	2.0	1.0	1936.51974368	10.0	8.0	9.0
0.98989898	0.90909094	1.0	0.91666667	0.09394688	0.28677133	0.76980036	8.0	0.0	1.0	2.0	1962.04360032	20.0	9.0	9.0
0.98989898	0.63636363	1.0	0.77777778	0.08417747	0.41751975	-0.22222222	7.0	2.0	2.0	0.0	1991.2022109	24.0	0.0	10.0
0.969697	0.72727275	0.99313501	0.83333333	0.12202583	0.42591646	0.24056261	7.0	2.0	1.0	1.0	2016.37259889	13.0	1.0	10.0
1.0	1.0	1.0	1.0	0.00067077	0.00059503	1.0	9.0	0.0	0.0	2.0	2054.5514102	500.0	2.0	10.0
0.969697	0.81818181	0.99485126	0.83333333	0.14109781	0.36835489	0.0	9.0	0.0	2.0	0.0	2078.62980437	17.0	3.0	10.0
1.0	1.0	1.0	1.0	0.00082383	0.05965336	1.0	9.0	0.0	0.0	2.0	2122.02652979	500.0	4.0	10.0
1.0	1.0	1.0	1.0	0.00064925	0.00982251	1.0	8.0	0.0	0.0	3.0	2161.66698575	500.0	5.0	10.0
1.0	0.90909094	1.0	0.95833333	0.0331532	0.23145546	0.76980036	8.0	0.0	1.0	2.0	2190.00327921	58.0	6.0	10.0
0.9191919	0.63636363	0.97638725	0.375	0.20212356	0.99752814	-0.19364917	7.0	1.0	3.0	0.0	2214.1187923	6.0	7.0	10.0
0.97979796	0.81818181	1.0	0.91666667	0.10969618	0.31903327	0.51639778	8.0	0.0	2.0	1.0	2240.52259684	19.0	8.0	10.0
0.98989898	0.90909094	1.0	1.0	0.10031718	0.17969991	0.76980036	8.0	0.0	1.0	2.0	2268.08568668	17.0	9.0	10.0
