train_acc	val_acc	train_auc	val_auc	train_loss	val_loss	val_mmc	tn	fp	fn	tp	time	ep_stopped	index_fold	seed
0.79295152	0.65384614	0.91181973	0.5751634	0.51548139	0.65051728	0.0	0.0	9.0	0.0	17.0	97.21658993	9.0	0.0	1.0
0.76211452	0.61538464	0.9085034	0.54901961	0.52401803	0.68071798	-0.14552138	0.0	9.0	1.0	16.0	127.32343721	9.0	1.0	1.0
0.71365637	0.65384614	0.84634354	0.31372549	0.58010998	0.69280237	0.0	0.0	9.0	0.0	17.0	157.02755594	6.0	2.0	1.0
0.83333331	0.75999999	0.95246494	0.50735294	0.44882686	0.66966866	0.42986348	2.0	6.0	0.0	17.0	190.90709233	12.0	3.0	1.0
0.86403507	0.68000001	0.98057432	0.74305556	0.37353362	0.58935568	0.27216553	1.0	8.0	0.0	16.0	223.07534289	14.0	4.0	1.0
0.74561405	0.63999999	0.89493243	0.42361111	0.52965008	0.74649062	0.0	0.0	9.0	0.0	16.0	258.80240893	8.0	5.0	1.0
0.74561405	0.63999999	0.87415541	0.48611111	0.54671468	0.67548283	0.0	0.0	9.0	0.0	16.0	296.09075141	8.0	6.0	1.0
0.95614034	0.72000003	0.99298986	0.82638889	0.26065912	0.55399033	0.35460407	3.0	6.0	1.0	15.0	345.41528988	23.0	7.0	1.0
0.97368419	0.72000003	0.99763514	0.6875	0.23048447	0.63548064	0.35902456	4.0	5.0	2.0	14.0	382.00259852	25.0	8.0	1.0
0.89912283	0.63999999	0.98775338	0.70833333	0.34443509	0.6136075	0.12729377	2.0	7.0	2.0	14.0	421.05180383	19.0	9.0	1.0
0.845815	0.69230771	0.94923469	0.63398693	0.43326532	0.63080792	0.24331548	2.0	7.0	1.0	16.0	464.353688	14.0	0.0	2.0
0.82819384	0.61538464	0.94880952	0.58169935	0.43932301	0.67344001	-0.00973262	1.0	8.0	2.0	15.0	498.06419206	12.0	1.0	2.0
0.96475768	0.65384614	0.99753401	0.75816993	0.28117073	0.55732214	0.13789005	2.0	7.0	2.0	15.0	532.52959728	26.0	2.0	2.0
0.87280703	0.60000002	0.97782817	0.64705882	0.36622657	0.6066549	0.01606231	2.0	6.0	4.0	13.0	572.4239161	16.0	3.0	2.0
0.74561405	0.63999999	0.88893581	0.61111111	0.53463697	0.65065854	0.0	0.0	9.0	0.0	16.0	612.56117535	9.0	4.0	2.0
0.78947371	0.63999999	0.89670608	0.52777778	0.52283591	0.69332399	0.0	0.0	9.0	0.0	16.0	655.29287481	8.0	5.0	2.0
0.95175439	0.72000003	0.99425676	0.74305556	0.26302677	0.57411763	0.35460407	3.0	6.0	1.0	15.0	700.2450695	24.0	6.0	2.0
0.86842108	0.68000001	0.96672297	0.66666667	0.37370951	0.62429559	0.25	3.0	6.0	2.0	14.0	739.81555414	17.0	7.0	2.0
0.75	0.60000002	0.89527027	0.5625	0.51090034	0.68465338	-0.15309311	0.0	9.0	1.0	15.0	770.52432609	8.0	8.0	2.0
0.75	0.63999999	0.884375	0.34027778	0.53940489	0.7633548	0.0	0.0	9.0	0.0	16.0	816.1876874	7.0	9.0	2.0
0.70044053	0.65384614	0.84277211	0.50980392	0.57304418	0.66412501	0.0	0.0	9.0	0.0	17.0	848.78229475	6.0	0.0	3.0
0.97356826	0.73076922	0.99676871	0.68627451	0.22736831	0.58121711	0.39674602	2.0	7.0	0.0	17.0	887.9957974	27.0	1.0	3.0
0.93392068	0.69230771	0.99141156	0.77777778	0.26190436	0.5558273	0.24331548	2.0	7.0	1.0	16.0	925.61860895	24.0	2.0	3.0
0.9868421	0.75999999	0.99857227	0.64705882	0.20132673	0.62665355	0.40230864	3.0	5.0	1.0	16.0	962.6452558	30.0	3.0	3.0
0.76754385	0.68000001	0.89400338	0.51388889	0.50348857	0.70594041	0.23592536	2.0	7.0	1.0	15.0	998.3752346	8.0	4.0	3.0
0.9649123	0.63999999	0.99932432	0.73611111	0.24683055	0.57759578	0.08600781	1.0	8.0	1.0	15.0	1038.27063179	24.0	5.0	3.0
0.79385966	0.63999999	0.89966216	0.61805556	0.51549174	0.65117382	0.08600781	1.0	8.0	1.0	15.0	1082.72110057	9.0	6.0	3.0
0.84649122	0.68000001	0.95920608	0.625	0.42127188	0.68915257	0.23592536	2.0	7.0	1.0	15.0	1123.55388403	15.0	7.0	3.0
0.82456142	0.63999999	0.93302365	0.61111111	0.48043374	0.64606511	0.08600781	1.0	8.0	1.0	15.0	1158.96725559	10.0	8.0	3.0
0.78070176	0.60000002	0.90261824	0.54861111	0.50880114	0.69599761	-0.15309311	0.0	9.0	1.0	15.0	1197.29498124	9.0	9.0	3.0
0.78854626	0.57692307	0.89319728	0.44444444	0.50001339	0.77028669	-0.08618128	1.0	8.0	3.0	14.0	1234.47954798	8.0	0.0	4.0
0.95594716	0.69230771	0.99489796	0.75163399	0.25471532	0.57680852	0.24331548	2.0	7.0	1.0	16.0	1271.24964571	24.0	1.0	4.0
0.76211452	0.65384614	0.85705782	0.48366013	0.54122964	0.69714154	0.0	0.0	9.0	0.0	17.0	1304.83327127	8.0	2.0	4.0
0.95175439	0.72000003	0.99622071	0.80882353	0.25376013	0.50497131	0.33612278	4.0	4.0	3.0	14.0	1351.11496639	26.0	3.0	4.0
0.84210527	0.63999999	0.95	0.70833333	0.43386903	0.6044655	0.12729377	2.0	7.0	2.0	14.0	1399.15906811	14.0	4.0	4.0
0.70614034	0.63999999	0.83521959	0.375	0.57088814	0.72403982	0.0	0.0	9.0	0.0	16.0	1432.1520586	6.0	5.0	4.0
0.71052629	0.63999999	0.82930743	0.34027778	0.56168993	0.74278197	0.0	0.0	9.0	0.0	16.0	1467.47554088	6.0	6.0	4.0
0.90789473	0.68000001	0.98699324	0.72916667	0.32406704	0.57055821	0.25	3.0	6.0	2.0	14.0	1505.39674902	19.0	7.0	4.0
0.80701756	0.56	0.90962838	0.54861111	0.49568342	0.71173715	-0.10001653	1.0	8.0	3.0	13.0	1547.27867436	9.0	8.0	4.0
0.93859649	0.68000001	0.99206081	0.85416667	0.27622363	0.55655768	0.27216553	1.0	8.0	0.0	16.0	1596.15915465	23.0	9.0	4.0
0.79735684	0.65384614	0.88928571	0.38562092	0.52344526	0.73153301	0.09335201	1.0	8.0	1.0	16.0	1646.87433553	8.0	0.0	5.0
0.83700442	0.76923078	0.93163265	0.49673203	0.4743504	0.66553552	0.49636359	3.0	6.0	0.0	17.0	1683.21748352	12.0	1.0	5.0
0.75770926	0.61538464	0.90977891	0.65359477	0.51129364	0.6362883	-0.14552138	0.0	9.0	1.0	16.0	1722.26678967	9.0	2.0	5.0
0.86842108	0.60000002	0.96430671	0.57352941	0.42524958	0.65339	-0.20228869	0.0	8.0	2.0	15.0	1760.79643989	15.0	3.0	5.0
0.7719298	0.63999999	0.9097973	0.55555556	0.51616566	0.68375891	0.0	0.0	9.0	0.0	16.0	1799.25045824	9.0	4.0	5.0
0.75438595	0.56	0.87609797	0.47916667	0.54554581	0.68292682	-0.22116293	0.0	9.0	2.0	14.0	1845.25150251	8.0	5.0	5.0
0.81578946	0.63999999	0.93023649	0.56944444	0.49000126	0.6376611	0.0	0.0	9.0	0.0	16.0	1888.88568497	12.0	6.0	5.0
0.95614034	0.60000002	0.99662162	0.71527778	0.24575419	0.57279338	0.04166667	2.0	7.0	3.0	13.0	1928.84151006	24.0	7.0	5.0
0.75438595	0.63999999	0.89932432	0.56944444	0.54204682	0.66637092	0.0	0.0	9.0	0.0	16.0	1975.90223598	9.0	8.0	5.0
0.90789473	0.68000001	0.99163851	0.67361111	0.34046857	0.60263802	0.27468517	4.0	5.0	3.0	13.0	2014.7396338	18.0	9.0	5.0
0.77533042	0.69230771	0.88928571	0.51633987	0.53132926	0.65704677	0.27487371	1.0	8.0	0.0	17.0	2062.9199636	9.0	0.0	6.0
0.79295152	0.61538464	0.91607143	0.54901961	0.50250501	0.66090426	-0.14552138	0.0	9.0	1.0	16.0	2105.16708374	10.0	1.0	6.0
0.92511016	0.73076922	0.9922619	0.60784314	0.33656592	0.64266547	0.39674602	2.0	7.0	0.0	17.0	2149.77893996	22.0	2.0	6.0
0.71929824	0.68000001	0.88074242	0.56617647	0.5473161	0.63556879	0.0	0.0	8.0	0.0	17.0	2192.25247669	8.0	3.0	6.0
0.83771932	0.68000001	0.95886824	0.5625	0.45261556	0.64308706	0.23592536	2.0	7.0	1.0	15.0	2238.79746199	14.0	4.0	6.0
0.7850877	0.63999999	0.90168919	0.57638889	0.50889827	0.68708223	0.0	0.0	9.0	0.0	16.0	2283.59106851	9.0	5.0	6.0
0.85087717	0.60000002	0.95777027	0.6875	0.41571789	0.63476747	-0.02051525	1.0	8.0	2.0	14.0	2324.72794247	14.0	6.0	6.0
0.79385966	0.63999999	0.91925676	0.54166667	0.4962358	0.67796536	0.0	0.0	9.0	0.0	16.0	2369.79389691	9.0	7.0	6.0
0.89035088	0.72000003	0.97347973	0.77083333	0.37166244	0.6022923	0.39317855	2.0	7.0	0.0	16.0	2411.08588076	16.0	8.0	6.0
0.85964912	0.63999999	0.95219595	0.64583333	0.44271817	0.64135888	0.20008168	4.0	5.0	4.0	12.0	2451.85258389	14.0	9.0	6.0
0.82819384	0.57692307	0.91267007	0.62091503	0.48804471	0.64745974	-0.21004201	0.0	9.0	2.0	15.0	2489.92834902	10.0	0.0	7.0
0.69162995	0.65384614	0.80212585	0.36601307	0.59103146	0.71123563	0.0	0.0	9.0	0.0	17.0	2533.19627762	6.0	1.0	7.0
0.78414094	0.61538464	0.90068027	0.60784314	0.50769898	0.63710122	-0.00973262	1.0	8.0	2.0	15.0	2576.697155	10.0	2.0	7.0
0.70175439	0.63999999	0.81666247	0.44117647	0.58547789	0.67832473	-0.14002801	0.0	8.0	1.0	16.0	2618.06006813	6.0	3.0	7.0
0.70614034	0.60000002	0.85278716	0.47222222	0.55669311	0.67175606	-0.15309311	0.0	9.0	1.0	15.0	2660.80076838	8.0	4.0	7.0
0.85964912	0.63999999	0.97103041	0.74305556	0.41090207	0.62478104	0.0	0.0	9.0	0.0	16.0	2705.47447753	16.0	5.0	7.0
0.81140351	0.63999999	0.91765203	0.63888889	0.48088688	0.6531918	0.0	0.0	9.0	0.0	16.0	2746.79363346	12.0	6.0	7.0
0.79385966	0.63999999	0.93285473	0.54861111	0.47476794	0.68702806	0.08600781	1.0	8.0	1.0	15.0	2791.3759191	12.0	7.0	7.0
0.74561405	0.63999999	0.89983108	0.57638889	0.531792	0.66476388	0.0	0.0	9.0	0.0	16.0	2839.27729011	9.0	8.0	7.0
0.80701756	0.68000001	0.90447635	0.64583333	0.50176501	0.6307708	0.27216553	1.0	8.0	0.0	16.0	2887.17789793	11.0	9.0	7.0
0.88105726	0.61538464	0.96411565	0.48366013	0.41513771	0.6963927	0.05522779	2.0	7.0	3.0	14.0	2929.66166592	14.0	0.0	8.0
0.82819384	0.61538464	0.93307823	0.63398693	0.4634146	0.62335436	-0.14552138	0.0	9.0	1.0	16.0	2980.37355924	13.0	1.0	8.0
0.85903084	0.69230771	0.95306122	0.69934641	0.42129753	0.59661006	0.27487371	1.0	8.0	0.0	17.0	3027.23750424	15.0	2.0	8.0
0.73245615	0.68000001	0.88771311	0.38235294	0.54983763	0.65691824	0.0	0.0	8.0	0.0	17.0	3066.97294354	8.0	3.0	8.0
0.7368421	0.63999999	0.87618243	0.44444444	0.55403349	0.68712725	0.0	0.0	9.0	0.0	16.0	3108.39207125	8.0	4.0	8.0
0.86842108	0.68000001	0.95388514	0.63888889	0.41517354	0.64701435	0.27468517	4.0	5.0	3.0	13.0	3161.61157203	15.0	5.0	8.0
0.92105263	0.63999999	0.98893581	0.61111111	0.30701157	0.63596396	0.16390252	3.0	6.0	3.0	13.0	3210.64887142	21.0	6.0	8.0
0.82017541	0.63999999	0.94197635	0.59722222	0.4770528	0.64948585	0.0	0.0	9.0	0.0	16.0	3255.5466063	12.0	7.0	8.0
0.73245615	0.60000002	0.84611486	0.46527778	0.55748581	0.7007902	-0.15309311	0.0	9.0	1.0	15.0	3299.93251681	8.0	8.0	8.0
0.80701756	0.63999999	0.92052365	0.61805556	0.49656043	0.66471122	0.08600781	1.0	8.0	1.0	15.0	3342.47452664	9.0	9.0	8.0
0.88105726	0.69230771	0.97593537	0.69934641	0.36396419	0.61290971	0.26035959	3.0	6.0	2.0	15.0	3387.61335301	19.0	0.0	9.0
0.75770926	0.65384614	0.90331633	0.64052288	0.51650451	0.62445536	0.0	0.0	9.0	0.0	17.0	3430.74973917	9.0	1.0	9.0
0.90308368	0.73076922	0.98928571	0.77777778	0.33835783	0.56076011	0.36196138	3.0	6.0	1.0	16.0	3473.68972349	16.0	2.0	9.0
0.94736844	0.68000001	0.99420509	0.70588235	0.29767517	0.57540991	0.16840827	2.0	6.0	2.0	15.0	3527.00510812	24.0	3.0	9.0
0.82894737	0.72000003	0.94915541	0.55555556	0.44926818	0.687359	0.39317855	2.0	7.0	0.0	16.0	3573.8033824	12.0	4.0	9.0
0.83333331	0.68000001	0.95177365	0.65277778	0.44635184	0.64019697	0.27216553	1.0	8.0	0.0	16.0	3618.38940382	12.0	5.0	9.0
0.75	0.60000002	0.90388514	0.54861111	0.52063802	0.69118581	-0.15309311	0.0	9.0	1.0	15.0	3667.01652813	9.0	6.0	9.0
0.84649122	0.63999999	0.9566723	0.60416667	0.43640281	0.64092668	0.08600781	1.0	8.0	1.0	15.0	3712.20428777	15.0	7.0	9.0
0.82894737	0.68000001	0.93716216	0.625	0.45985125	0.67110207	0.23592536	2.0	7.0	1.0	15.0	3757.64223695	12.0	8.0	9.0
0.71929824	0.63999999	0.84003378	0.40972222	0.5759484	0.74509533	0.08600781	1.0	8.0	1.0	15.0	3801.28386426	6.0	9.0	9.0
0.75330395	0.61538464	0.8744898	0.54901961	0.54692016	0.67174009	-0.14552138	0.0	9.0	1.0	16.0	3857.53951859	9.0	0.0	10.0
0.845815	0.65384614	0.94991497	0.59477124	0.42179712	0.64224175	0.09335201	1.0	8.0	1.0	16.0	3906.23019338	14.0	1.0	10.0
0.74008811	0.65384614	0.87227891	0.56862745	0.55061618	0.66054491	0.0	0.0	9.0	0.0	17.0	3951.17004061	9.0	2.0	10.0
0.85087717	0.63999999	0.96254304	0.625	0.44017795	0.62010189	-0.14002801	0.0	8.0	1.0	16.0	4003.69649625	16.0	3.0	10.0
0.78070176	0.63999999	0.91883446	0.63888889	0.51143162	0.65555381	0.0	0.0	9.0	0.0	16.0	4052.4813807	9.0	4.0	10.0
0.83333331	0.63999999	0.9410473	0.59722222	0.45309806	0.63578584	0.08600781	1.0	8.0	1.0	15.0	4106.24019694	15.0	5.0	10.0
0.81140351	0.63999999	0.93226351	0.59027778	0.47585798	0.66065692	0.08600781	1.0	8.0	1.0	15.0	4152.55049992	11.0	6.0	10.0
0.89473683	0.72000003	0.97491554	0.70833333	0.37039325	0.61847646	0.37872604	5.0	4.0	3.0	13.0	4204.23493886	18.0	7.0	10.0
0.97368419	0.72000003	0.99864865	0.71527778	0.21456848	0.6118062	0.35460407	3.0	6.0	1.0	15.0	4262.23100257	29.0	8.0	10.0
0.88596493	0.63999999	0.97972973	0.64583333	0.37077593	0.60875428	0.12729377	2.0	7.0	2.0	14.0	4309.59317875	18.0	9.0	10.0
