train_acc	val_acc	train_auc	val_auc	train_loss	val_loss	val_mmc	tn	fp	fn	tp	time	ep_stopped	index_fold	seed
0.88942307	0.79166669	0.97225305	0.85416667	0.28242895	0.4354345	0.60246408	11.0	1.0	4.0	8.0	88.72609305	22.0	0.0	1.0
0.96153843	0.875	0.99149094	0.95833333	0.16917111	0.27416271	0.75261781	11.0	1.0	2.0	10.0	123.54082322	41.0	1.0	1.0
0.86124402	0.69565219	0.96023456	0.76515152	0.34161542	0.66190724	0.39393939	8.0	4.0	3.0	8.0	156.21403885	13.0	2.0	1.0
1.0	0.9130435	1.0	0.96969697	0.05050277	0.28022059	0.82575758	11.0	1.0	1.0	10.0	192.11552191	64.0	3.0	1.0
0.98086125	0.78260869	0.99844294	0.90909091	0.10846685	0.40361622	0.56490196	8.0	3.0	2.0	10.0	226.67692375	48.0	4.0	1.0
0.91866028	0.9130435	0.98241436	0.97727273	0.24175307	0.21398095	0.82575758	10.0	1.0	1.0	11.0	261.21202612	32.0	5.0	1.0
0.86602873	0.82608694	0.96931672	0.88636364	0.32140497	0.46401395	0.65151515	9.0	2.0	2.0	10.0	308.38429284	18.0	6.0	1.0
0.9952153	0.82608694	1.0	0.93181818	0.06133857	0.29658702	0.66414149	10.0	1.0	3.0	9.0	346.08041954	65.0	7.0	1.0
1.0	0.9130435	1.0	0.96969697	0.00078019	0.2664839	0.83971912	11.0	0.0	2.0	10.0	416.66911864	291.0	8.0	1.0
0.99043059	0.73913044	0.99990841	0.87878788	0.11098389	0.4437428	0.47727273	8.0	3.0	3.0	9.0	453.08536577	50.0	9.0	1.0
1.0	0.91666669	1.0	0.95833333	0.05858118	0.22880453	0.84515425	12.0	0.0	2.0	10.0	493.02151442	67.0	0.0	2.0
0.98557693	0.83333331	0.9936182	0.91666667	0.1385071	0.39089906	0.70710678	12.0	0.0	4.0	8.0	530.15212321	49.0	1.0	2.0
1.0	0.82608694	1.0	0.93939394	0.05694925	0.26441226	0.65151515	10.0	2.0	2.0	9.0	568.82197785	68.0	2.0	2.0
0.91866028	0.78260869	0.98048378	0.95454545	0.26684723	0.34182031	0.56818182	9.0	3.0	2.0	9.0	602.37027168	27.0	3.0	2.0
0.98086125	0.86956519	0.99505404	0.90151515	0.14752137	0.37875552	0.74047959	9.0	2.0	1.0	11.0	636.8682096	43.0	4.0	2.0
0.95215309	0.86956519	0.99111559	0.84848485	0.22176607	0.5334331	0.74047959	9.0	2.0	1.0	11.0	673.17554331	32.0	5.0	2.0
1.0	0.82608694	1.0	0.95454545	0.05307144	0.30435989	0.65151515	9.0	2.0	2.0	10.0	713.48973799	67.0	6.0	2.0
1.0	0.86956519	1.0	0.96969697	0.00891895	0.23622275	0.74047959	9.0	2.0	1.0	11.0	760.93291569	122.0	7.0	2.0
0.93301433	0.86956519	0.99258106	0.90909091	0.21950642	0.42724191	0.76277007	8.0	3.0	0.0	12.0	795.50207591	30.0	8.0	2.0
0.86124402	0.69565219	0.95548635	0.84848485	0.35964337	0.56646142	0.44411739	10.0	1.0	6.0	6.0	829.01237845	14.0	9.0	2.0
0.875	0.875	0.96938587	0.90277778	0.29906209	0.43802214	0.75261781	10.0	2.0	1.0	11.0	862.73483849	16.0	0.0	3.0
1.0	0.91666669	1.0	0.97916667	0.00109998	0.15195015	0.84515425	10.0	2.0	0.0	12.0	930.17912197	255.0	1.0	3.0
0.94736844	0.69565219	0.99257834	0.87121212	0.23228226	0.537778	0.41096386	7.0	5.0	2.0	9.0	966.87827206	30.0	2.0	3.0
0.98086125	0.78260869	0.99615173	0.92424242	0.12711219	0.35821871	0.56818182	9.0	3.0	2.0	9.0	1004.62588263	51.0	3.0	3.0
0.99043059	0.82608694	1.0	0.87121212	0.0874815	0.45630244	0.66414149	10.0	1.0	3.0	9.0	1043.65711927	55.0	4.0	3.0
0.98564595	0.95652175	0.99606155	1.0	0.12307805	0.23231184	0.91605722	10.0	1.0	0.0	12.0	1083.17095423	51.0	5.0	3.0
0.98564595	0.86956519	0.99798498	0.93939394	0.12495466	0.3168309	0.76764947	11.0	0.0	3.0	9.0	1121.2317884	47.0	6.0	3.0
0.94258374	0.73913044	0.99193992	0.87878788	0.19886316	0.45423408	0.48856385	9.0	2.0	4.0	8.0	1158.51171994	34.0	7.0	3.0
0.89952153	0.82608694	0.97710203	0.92424242	0.27941985	0.33859609	0.65151515	9.0	2.0	2.0	10.0	1194.62953472	26.0	8.0	3.0
0.97129184	0.82608694	0.99596996	0.91666667	0.15056238	0.3644909	0.65151515	9.0	2.0	2.0	10.0	1231.58625221	44.0	9.0	3.0
0.93269229	0.83333331	0.98335183	0.88888889	0.23799516	0.37867865	0.66666667	10.0	2.0	2.0	10.0	1267.54477334	30.0	0.0	4.0
0.99038464	0.91666669	0.99889012	0.94444444	0.11019609	0.29943168	0.84515425	12.0	0.0	2.0	10.0	1308.38537931	53.0	1.0	4.0
0.95215309	0.82608694	0.98973795	0.87878788	0.19108201	0.40007153	0.65151515	10.0	2.0	2.0	9.0	1345.88694215	39.0	2.0	4.0
0.87081337	0.82608694	0.96930548	0.88636364	0.32254986	0.48302365	0.66414149	9.0	3.0	1.0	10.0	1380.86165237	22.0	3.0	4.0
1.0	1.0	1.0	1.0	0.00011948	0.06981644	1.0	11.0	0.0	0.0	12.0	1484.83424425	500.0	4.0	4.0
0.90430623	0.78260869	0.98030775	0.91666667	0.26350389	0.36464619	0.58930667	10.0	1.0	4.0	8.0	1523.06989551	29.0	5.0	4.0
0.95215309	0.73913044	0.99404653	0.84848485	0.18369998	0.55440174	0.48075018	7.0	4.0	2.0	10.0	1561.00958753	39.0	6.0	4.0
0.96172249	0.9130435	0.99120718	0.95454545	0.18282629	0.29478894	0.82575758	10.0	1.0	1.0	11.0	1599.80082941	41.0	7.0	4.0
0.9952153	0.78260869	0.99990841	0.86363636	0.0737887	0.43456825	0.56818182	9.0	2.0	3.0	9.0	1641.17511725	60.0	8.0	4.0
0.9952153	0.78260869	1.0	0.91666667	0.05721602	0.34978719	0.56490196	8.0	3.0	2.0	10.0	1684.47063494	77.0	9.0	4.0
0.94230771	0.79166669	0.98510914	0.88888889	0.23066928	0.34417318	0.58536941	9.0	3.0	2.0	10.0	1722.64230394	33.0	0.0	5.0
0.88461536	0.83333331	0.96661117	0.875	0.31363402	0.50505958	0.6761234	11.0	1.0	3.0	9.0	1760.70112133	17.0	1.0	5.0
1.0	0.86956519	1.0	0.9469697	0.06794032	0.28934227	0.74242424	10.0	2.0	1.0	10.0	1806.12222743	64.0	2.0	5.0
1.0	0.86956519	1.0	0.95454545	0.01028743	0.27099013	0.74242424	10.0	2.0	1.0	10.0	1858.73511076	122.0	3.0	5.0
0.98086125	0.78260869	0.99798498	0.86363636	0.12897032	0.44986214	0.56818182	9.0	2.0	3.0	9.0	1900.14399266	52.0	4.0	5.0
0.95215309	0.86956519	0.99267265	0.93939394	0.18004954	0.28099236	0.74242424	10.0	1.0	2.0	10.0	1939.75060844	40.0	5.0	5.0
0.85167462	0.82608694	0.96437076	0.81060606	0.35327757	0.57224903	0.65909298	8.0	3.0	1.0	11.0	1978.18759608	18.0	6.0	5.0
0.99043059	0.9130435	0.99990841	0.95454545	0.09653756	0.24820832	0.83971912	11.0	0.0	2.0	10.0	2021.42200494	59.0	7.0	5.0
0.93779904	0.69565219	0.98919216	0.83333333	0.22150665	0.44286119	0.38932432	7.0	4.0	3.0	9.0	2062.77556062	33.0	8.0	5.0
0.93779904	0.78260869	0.98736032	0.87121212	0.21889701	0.43961263	0.58930667	10.0	1.0	4.0	8.0	2103.63799286	33.0	9.0	5.0
0.95192307	0.79166669	0.99537551	0.88888889	0.19570931	0.46853571	0.60246408	8.0	4.0	1.0	11.0	2144.56310987	35.0	0.0	6.0
0.96153843	0.79166669	0.99010359	0.91666667	0.18349477	0.35647585	0.58536941	10.0	2.0	3.0	9.0	2185.70974112	41.0	1.0	6.0
0.9665072	0.86956519	0.99184534	0.92424242	0.1683019	0.35688657	0.74242424	10.0	2.0	1.0	10.0	2227.44065881	43.0	2.0	6.0
1.0	0.95652175	1.0	1.0	0.00086478	0.08970357	0.91666667	11.0	1.0	0.0	11.0	2307.59021235	301.0	3.0	6.0
0.99043059	0.86956519	1.0	0.92424242	0.08065982	0.32397366	0.76764947	11.0	0.0	3.0	9.0	2355.32343912	63.0	4.0	6.0
1.0	0.78260869	1.0	0.87878788	0.04833438	0.39331787	0.56490196	8.0	3.0	2.0	10.0	2403.80952454	72.0	5.0	6.0
0.93301433	0.82608694	0.9831471	0.84848485	0.24840594	0.50364112	0.65151515	9.0	2.0	2.0	10.0	2443.31637812	30.0	6.0	6.0
0.88038278	0.73913044	0.96372962	0.8030303	0.33276129	0.52210705	0.48856385	9.0	2.0	4.0	8.0	2483.05799723	19.0	7.0	6.0
0.88038278	0.73913044	0.96949991	0.84848485	0.33031461	0.48770149	0.48856385	9.0	2.0	4.0	8.0	2520.60233068	22.0	8.0	6.0
1.0	0.86956519	1.0	0.97727273	0.00062964	0.18656048	0.74047959	9.0	2.0	1.0	11.0	2626.19040775	322.0	9.0	6.0
0.88942307	0.70833331	0.97169811	0.84027778	0.30354797	0.50909126	0.41812101	8.0	4.0	3.0	9.0	2664.18281364	17.0	0.0	7.0
0.96153843	0.83333331	0.99371069	0.92361111	0.16887664	0.31524966	0.6761234	11.0	1.0	3.0	9.0	2708.88418388	48.0	1.0	7.0
1.0	0.9130435	1.0	0.97727273	0.01040366	0.21021979	0.82575758	11.0	1.0	1.0	10.0	2765.11679697	130.0	2.0	7.0
1.0	0.86956519	1.0	0.95454545	0.0198827	0.34591995	0.74242424	10.0	2.0	1.0	10.0	2817.26560378	104.0	3.0	7.0
0.96172249	0.78260869	0.99056604	0.89393939	0.18158662	0.40412183	0.58930667	10.0	1.0	4.0	8.0	2861.87527204	42.0	4.0	7.0
0.9952153	0.73913044	0.99945045	0.89393939	0.07790009	0.45332998	0.5164589	10.0	1.0	5.0	7.0	2906.31956935	57.0	5.0	7.0
0.98086125	0.78260869	0.99532881	0.90151515	0.15700942	0.43215426	0.56490196	8.0	3.0	2.0	10.0	2953.24177623	52.0	6.0	7.0
0.99043059	0.95652175	0.99926727	0.98484848	0.10664169	0.16201031	0.91605722	10.0	1.0	0.0	12.0	3002.35868168	61.0	7.0	7.0
0.93301433	0.86956519	0.98589485	0.90909091	0.22980154	0.41108427	0.76764947	11.0	0.0	3.0	9.0	3045.40955496	35.0	8.0	7.0
0.87081337	0.86956519	0.97307199	0.87878788	0.32922341	0.50302304	0.74242424	10.0	1.0	2.0	10.0	3084.67355323	19.0	9.0	7.0
0.99038464	0.79166669	0.99916759	0.96527778	0.10888169	0.26674533	0.60246408	8.0	4.0	1.0	11.0	3130.9003253	53.0	0.0	8.0
0.99038464	0.83333331	0.99805771	0.88888889	0.10182045	0.4264799	0.66666667	10.0	2.0	2.0	10.0	3178.48866916	57.0	1.0	8.0
1.0	0.86956519	1.0	0.96969697	0.03503868	0.25955016	0.74242424	10.0	2.0	1.0	10.0	3230.6381669	83.0	2.0	8.0
0.95693779	0.9130435	0.99285322	0.96212121	0.1883246	0.27378744	0.82575758	11.0	1.0	1.0	10.0	3275.05239725	39.0	3.0	8.0
0.92344499	0.78260869	0.99084081	0.89393939	0.21830462	0.44149247	0.58002308	7.0	4.0	1.0	11.0	3327.25660515	31.0	4.0	8.0
0.87081337	0.73913044	0.96372962	0.81060606	0.32576939	0.60209318	0.48856385	9.0	2.0	4.0	8.0	3368.07530141	13.0	5.0	8.0
0.90430623	0.60869563	0.98433779	0.79545455	0.27485417	0.51467379	0.21969697	7.0	4.0	5.0	7.0	3409.6930964	26.0	6.0	8.0
1.0	0.9130435	1.0	0.96212121	0.01579175	0.20697866	0.83971912	11.0	0.0	2.0	10.0	3469.20706892	108.0	7.0	8.0
0.99043059	0.82608694	0.99990841	0.88636364	0.09046788	0.40545967	0.65151515	9.0	2.0	2.0	10.0	3518.50260997	56.0	8.0	8.0
0.99043059	0.86956519	0.99954204	0.93181818	0.0882245	0.33882808	0.74242424	10.0	1.0	2.0	10.0	3568.03286672	58.0	9.0	8.0
0.98557693	0.875	0.99852016	0.97222222	0.10937088	0.22309832	0.77459667	12.0	0.0	3.0	9.0	3619.08615708	57.0	0.0	9.0
0.94711536	0.70833331	0.99019608	0.76388889	0.20076137	0.59293965	0.41812101	9.0	3.0	4.0	8.0	3665.75022578	35.0	1.0	9.0
0.98086125	0.9130435	0.99331134	0.9469697	0.14422404	0.27646724	0.83743579	12.0	0.0	2.0	9.0	3714.42401791	50.0	2.0	9.0
0.88038278	0.65217394	0.97177937	0.68181818	0.37017774	0.78823215	0.31298622	7.0	5.0	3.0	8.0	3757.00016427	9.0	3.0	9.0
0.98564595	0.82608694	0.99917567	0.91666667	0.09904462	0.36991646	0.65151515	9.0	2.0	2.0	10.0	3807.35819483	54.0	4.0	9.0
0.95215309	0.86956519	0.99093241	0.96212121	0.20309052	0.28645364	0.74047959	9.0	2.0	1.0	11.0	3854.01729465	36.0	5.0	9.0
0.99043059	0.86956519	1.0	0.89393939	0.08742428	0.34305945	0.74242424	10.0	1.0	2.0	10.0	3904.60705972	55.0	6.0	9.0
1.0	0.9130435	1.0	0.93939394	0.0021497	0.26708844	0.83971912	11.0	0.0	2.0	10.0	3986.65045547	214.0	7.0	9.0
1.0	0.95652175	1.0	0.99242424	0.00916887	0.1676805	0.91666667	11.0	0.0	1.0	11.0	4049.79949045	127.0	8.0	9.0
0.99043059	0.73913044	1.0	0.93939394	0.0854229	0.36693631	0.50168817	6.0	5.0	1.0	11.0	4100.95424175	58.0	9.0	9.0
0.88942307	0.875	0.97798742	0.86805556	0.29770086	0.46212321	0.75261781	10.0	2.0	1.0	11.0	4149.87639022	24.0	0.0	10.0
1.0	0.95833331	1.0	0.96527778	0.00838368	0.21722187	0.91986621	12.0	0.0	1.0	11.0	4217.28288293	136.0	1.0	10.0
0.93779904	0.86956519	0.99138721	0.91666667	0.22227619	0.39705737	0.74242424	10.0	2.0	1.0	10.0	4262.52108598	33.0	2.0	10.0
0.9952153	0.78260869	1.0	0.88636364	0.06744969	0.47456745	0.56818182	9.0	3.0	2.0	9.0	4316.18226671	67.0	3.0	10.0
1.0	0.9130435	1.0	0.99242424	0.00673851	0.17532047	0.83743579	9.0	2.0	0.0	12.0	4383.40917587	144.0	4.0	10.0
0.98564595	0.86956519	0.99816816	0.9469697	0.11308073	0.29759077	0.76764947	11.0	0.0	3.0	9.0	4436.42431164	57.0	5.0	10.0
0.97129184	0.73913044	0.99377175	0.87878788	0.16127551	0.44935707	0.5164589	10.0	1.0	5.0	7.0	4485.35007739	45.0	6.0	10.0
1.0	0.86956519	1.0	1.0	0.00859798	0.2183581	0.76764947	11.0	0.0	3.0	9.0	4552.56210399	132.0	7.0	10.0
0.97129184	0.73913044	0.995512	0.83333333	0.16638829	0.49109544	0.5164589	10.0	1.0	5.0	7.0	4606.80433249	42.0	8.0	10.0
0.91866028	0.82608694	0.98030775	0.93939394	0.26308479	0.36468175	0.65909298	8.0	3.0	1.0	11.0	4653.86043906	28.0	9.0	10.0
