train_acc	val_acc	train_auc	val_auc	train_loss	val_loss	val_mmc	tn	fp	fn	tp	time	ep_stopped	index_fold	seed
0.92929292	0.81818181	0.99256293	0.77777778	0.19574543	0.44063804	0.38888889	8.0	1.0	1.0	1.0	40.16116858	17.0	0.0	1.0
0.95959598	0.81818181	0.98855835	0.83333333	0.16014149	0.40039796	0.0	9.0	0.0	2.0	0.0	57.8794663	22.0	1.0	1.0
0.97979796	0.90909094	0.99370709	0.88888889	0.125146	0.23528546	0.76980036	8.0	1.0	0.0	2.0	76.43845344	29.0	2.0	1.0
1.0	0.90909094	1.0	0.94444444	0.04273512	0.18831657	0.67082039	9.0	0.0	1.0	1.0	95.36257434	50.0	3.0	1.0
0.98989898	0.81818181	1.0	0.77777778	0.08030713	0.4299548	0.38888889	8.0	1.0	1.0	1.0	115.17322254	54.0	4.0	1.0
1.0	1.0	1.0	1.0	0.00027983	0.0466219	1.0	8.0	0.0	0.0	3.0	163.46042705	500.0	5.0	1.0
0.95959598	0.72727275	0.99586777	0.91666667	0.14163781	0.43070775	0.24056261	7.0	1.0	2.0	1.0	181.24083018	24.0	6.0	1.0
1.0	0.90909094	1.0	1.0	0.01637818	0.19450583	0.76980036	8.0	0.0	1.0	2.0	203.7529881	84.0	7.0	1.0
0.9191919	0.81818181	0.98288076	0.54166667	0.24308305	0.59422493	0.51639778	8.0	0.0	2.0	1.0	220.96299815	13.0	8.0	1.0
1.0	0.90909094	1.0	1.0	0.01788402	0.19209768	0.76980036	8.0	0.0	1.0	2.0	242.40546155	78.0	9.0	1.0
1.0	0.90909094	1.0	1.0	0.00022707	0.12316152	0.67082039	9.0	0.0	1.0	1.0	295.17678356	500.0	0.0	2.0
1.0	0.90909094	1.0	0.94444444	0.03171348	0.21657495	0.67082039	9.0	0.0	1.0	1.0	316.39016533	65.0	1.0	2.0
1.0	0.81818181	1.0	0.94444444	0.00240306	0.2022097	0.38888889	8.0	1.0	1.0	1.0	347.08086753	206.0	2.0	2.0
0.98989898	0.90909094	1.0	0.83333333	0.07900312	0.33029249	0.67082039	9.0	0.0	1.0	1.0	367.50910878	42.0	3.0	2.0
1.0	0.72727275	1.0	0.88888889	0.01417802	0.29890123	0.24056261	7.0	2.0	1.0	1.0	391.06654859	102.0	4.0	2.0
1.0	1.0	1.0	1.0	0.00021527	0.07203078	1.0	8.0	0.0	0.0	3.0	442.77783537	500.0	5.0	2.0
0.969697	0.72727275	0.99822904	0.95833333	0.1336655	0.46174791	0.0	8.0	0.0	3.0	0.0	467.35848904	23.0	6.0	2.0
0.93939394	0.81818181	0.98288076	0.875	0.19444237	0.50693321	0.51639778	8.0	0.0	2.0	1.0	485.69700313	20.0	7.0	2.0
0.89898992	0.81818181	0.9811098	0.625	0.24837992	0.5617314	0.51639778	8.0	0.0	2.0	1.0	504.4981122	15.0	8.0	2.0
0.97979796	0.81818181	1.0	0.83333333	0.09595265	0.43493766	0.51639778	8.0	0.0	2.0	1.0	525.3182888	40.0	9.0	2.0
0.98989898	0.90909094	1.0	0.88888889	0.07950807	0.21348652	0.67082039	9.0	0.0	1.0	1.0	546.72246003	43.0	0.0	3.0
0.97979796	0.90909094	1.0	0.94444444	0.10673018	0.24149503	0.76980036	8.0	1.0	0.0	2.0	567.30734992	35.0	1.0	3.0
0.76767677	0.81818181	0.97940503	0.38888889	0.40448615	0.53219962	0.0	9.0	0.0	2.0	0.0	586.36197138	8.0	2.0	3.0
0.95959598	0.72727275	0.99656751	0.88888889	0.14033709	0.31491205	-0.1490712	8.0	1.0	2.0	0.0	611.69547105	26.0	3.0	3.0
0.94949496	0.90909094	0.99599542	0.77777778	0.17946914	0.36642721	0.67082039	9.0	0.0	1.0	1.0	631.9336586	24.0	4.0	3.0
1.0	0.90909094	1.0	0.91666667	0.06603516	0.32891089	0.76980036	8.0	0.0	1.0	2.0	658.94080448	49.0	5.0	3.0
0.98989898	0.72727275	1.0	0.875	0.066468	0.42467472	0.24056261	7.0	1.0	2.0	1.0	682.62203074	46.0	6.0	3.0
1.0	0.90909094	1.0	1.0	0.03314221	0.21563664	0.76980036	8.0	0.0	1.0	2.0	706.74883604	62.0	7.0	3.0
0.98989898	0.81818181	1.0	0.83333333	0.10768724	0.45244771	0.51639778	8.0	0.0	2.0	1.0	729.23263264	38.0	8.0	3.0
0.969697	0.72727275	0.99586777	0.91666667	0.13743606	0.39992142	0.38575837	6.0	2.0	1.0	2.0	755.20339465	29.0	9.0	3.0
1.0	0.90909094	1.0	1.0	0.00574554	0.08039747	0.67082039	9.0	0.0	1.0	1.0	785.74139404	136.0	0.0	4.0
1.0	1.0	1.0	1.0	0.00020095	0.00233045	1.0	9.0	0.0	0.0	2.0	843.75556731	500.0	1.0	4.0
0.95959598	0.90909094	0.99427918	0.72222222	0.17297603	0.33687901	0.67082039	9.0	0.0	1.0	1.0	867.01942778	22.0	2.0	4.0
0.83838385	0.72727275	0.98512586	0.61111111	0.33249395	0.50372803	-0.1490712	8.0	1.0	2.0	0.0	889.86842036	10.0	3.0	4.0
0.97979796	0.81818181	0.99313501	0.94444444	0.14410199	0.26939127	0.38888889	8.0	1.0	1.0	1.0	912.74189162	31.0	4.0	4.0
0.94949496	0.72727275	0.99232586	0.875	0.16770239	0.43339312	0.24056261	7.0	1.0	2.0	1.0	935.513484	24.0	5.0	4.0
1.0	0.90909094	1.0	0.875	0.06313253	0.38477755	0.76980036	8.0	0.0	1.0	2.0	960.84020019	45.0	6.0	4.0
1.0	0.90909094	1.0	0.91666667	0.04006544	0.28753626	0.76980036	8.0	0.0	1.0	2.0	987.89718366	57.0	7.0	4.0
0.95959598	0.72727275	0.98465171	0.70833333	0.19561488	0.55322647	0.0	8.0	0.0	3.0	0.0	1010.96510816	18.0	8.0	4.0
1.0	0.90909094	1.0	0.95833333	0.0333847	0.24306355	0.76980036	8.0	0.0	1.0	2.0	1038.30749607	70.0	9.0	4.0
1.0	0.90909094	1.0	1.0	0.00170764	0.10609133	0.76980036	8.0	1.0	0.0	2.0	1077.65182686	245.0	0.0	5.0
0.81818181	0.81818181	0.9708238	0.5	0.35860871	0.51264548	0.0	9.0	0.0	2.0	0.0	1098.99432921	10.0	1.0	5.0
1.0	0.81818181	1.0	1.0	0.0018045	0.22089618	0.0	9.0	0.0	2.0	0.0	1137.87107897	214.0	2.0	5.0
0.97979796	0.90909094	1.0	0.94444444	0.09390007	0.31325886	0.67082039	9.0	0.0	1.0	1.0	1164.28966475	41.0	3.0	5.0
0.97979796	0.90909094	0.99713959	0.88888889	0.12009318	0.25537577	0.67082039	9.0	0.0	1.0	1.0	1189.93711519	31.0	4.0	5.0
0.87878788	0.72727275	0.97638725	0.79166667	0.2797762	0.58896673	0.0	8.0	0.0	3.0	0.0	1212.49998498	14.0	5.0	5.0
1.0	0.90909094	1.0	0.95833333	0.00065189	0.19926843	0.81009259	7.0	1.0	0.0	3.0	1265.76190901	344.0	6.0	5.0
0.93939394	0.63636363	0.98583235	0.79166667	0.19274976	0.45837089	0.08333333	6.0	2.0	2.0	1.0	1288.67594194	20.0	7.0	5.0
0.93939394	0.72727275	0.98583235	0.875	0.19659255	0.46892729	0.24056261	7.0	1.0	2.0	1.0	1313.83496046	24.0	8.0	5.0
1.0	0.90909094	1.0	1.0	0.07113851	0.13672766	0.76980036	8.0	0.0	1.0	2.0	1339.57489848	46.0	9.0	5.0
0.92929292	0.72727275	0.9902746	0.72222222	0.20533524	0.41918609	-0.1490712	8.0	1.0	2.0	0.0	1364.38007927	20.0	0.0	6.0
0.97979796	0.90909094	0.99828375	0.88888889	0.12320399	0.32838222	0.67082039	9.0	0.0	1.0	1.0	1390.48753119	26.0	1.0	6.0
1.0	0.72727275	1.0	0.88888889	0.01173997	0.29327068	-0.1490712	8.0	1.0	2.0	0.0	1422.80441785	115.0	2.0	6.0
0.969697	0.81818181	0.99713959	0.94444444	0.12022766	0.34984267	0.38888889	8.0	1.0	1.0	1.0	1449.06428671	32.0	3.0	6.0
0.9191919	0.81818181	0.9805492	0.72222222	0.22141759	0.43810228	0.0	9.0	0.0	2.0	0.0	1475.36992645	17.0	4.0	6.0
0.97979796	0.81818181	0.99940968	0.91666667	0.10270043	0.32940632	0.51639778	8.0	0.0	2.0	1.0	1500.32786155	33.0	5.0	6.0
1.0	1.0	1.0	1.0	0.00031208	0.00097129	1.0	8.0	0.0	0.0	3.0	1568.35224771	500.0	6.0	6.0
0.969697	0.81818181	0.99940968	0.875	0.12651155	0.35627392	0.51639778	8.0	0.0	2.0	1.0	1597.46605182	33.0	7.0	6.0
1.0	0.90909094	1.0	0.91666667	0.02433355	0.27446702	0.76980036	8.0	0.0	1.0	2.0	1628.22117853	67.0	8.0	6.0
1.0	1.0	1.0	1.0	0.00023335	0.07679207	1.0	8.0	0.0	0.0	3.0	1695.95657325	500.0	9.0	6.0
0.92929292	0.72727275	0.98855835	0.77777778	0.24252539	0.43728703	-0.1490712	8.0	1.0	2.0	0.0	1727.04046893	16.0	0.0	7.0
0.85858583	0.72727275	0.96567506	0.77777778	0.32118035	0.45174554	-0.1490712	8.0	1.0	2.0	0.0	1752.45264268	12.0	1.0	7.0
0.93939394	0.90909094	0.98684211	0.77777778	0.21204749	0.40402988	0.67082039	9.0	0.0	1.0	1.0	1778.51467085	20.0	2.0	7.0
1.0	1.0	1.0	1.0	0.00017948	0.0066504	1.0	9.0	0.0	0.0	2.0	1850.38006473	500.0	3.0	7.0
1.0	1.0	1.0	1.0	0.00027535	0.0424833	1.0	9.0	0.0	0.0	2.0	1919.44413471	500.0	4.0	7.0
0.98989898	0.81818181	1.0	0.91666667	0.08148756	0.31801739	0.54166667	7.0	1.0	1.0	2.0	1947.2030077	46.0	5.0	7.0
1.0	0.81818181	1.0	0.95833333	0.05650682	0.2083201	0.54166667	7.0	1.0	1.0	2.0	1977.61363435	54.0	6.0	7.0
0.94949496	0.72727275	0.98819362	0.70833333	0.18297099	0.55801266	0.24056261	7.0	1.0	2.0	1.0	2004.84749246	17.0	7.0	7.0
0.97979796	0.72727275	0.99291617	0.91666667	0.13359028	0.47161552	0.0	8.0	0.0	3.0	0.0	2032.67486715	28.0	8.0	7.0
0.97979796	0.81818181	1.0	0.83333333	0.1062851	0.50881326	0.51639778	8.0	0.0	2.0	1.0	2060.57883239	38.0	9.0	7.0
0.94949496	0.81818181	0.98569794	0.77777778	0.17885191	0.37524891	0.38888889	8.0	1.0	1.0	1.0	2087.91793084	21.0	0.0	8.0
1.0	0.72727275	1.0	0.88888889	0.01657715	0.26582059	0.24056261	7.0	2.0	1.0	1.0	2123.04593015	93.0	1.0	8.0
1.0	0.90909094	1.0	1.0	0.01933654	0.16321288	0.76980036	8.0	1.0	0.0	2.0	2156.82348013	76.0	2.0	8.0
1.0	1.0	1.0	1.0	0.00025893	0.02599247	1.0	9.0	0.0	0.0	2.0	2231.88073826	500.0	3.0	8.0
0.969697	0.90909094	0.99084668	1.0	0.15262245	0.31429279	0.67082039	9.0	0.0	1.0	1.0	2262.15665507	25.0	4.0	8.0
0.93939394	0.81818181	0.9905549	0.75	0.19205014	0.5400582	0.51639778	8.0	0.0	2.0	1.0	2290.26379323	19.0	5.0	8.0
1.0	0.81818181	1.0	0.91666667	0.05843005	0.38916042	0.67082039	6.0	2.0	0.0	3.0	2319.81730676	51.0	6.0	8.0
1.0	0.90909094	1.0	1.0	0.00466487	0.16299142	0.81009259	7.0	1.0	0.0	3.0	2359.95114231	139.0	7.0	8.0
0.95959598	0.63636363	0.98937426	0.875	0.16217532	0.47010517	-0.19364917	7.0	1.0	3.0	0.0	2387.89826107	27.0	8.0	8.0
0.8888889	0.72727275	0.98051948	0.79166667	0.2604675	0.5436213	0.0	8.0	0.0	3.0	0.0	2416.074229	14.0	9.0	8.0
0.94949496	0.72727275	0.99313501	0.88888889	0.16710411	0.33419126	-0.1490712	8.0	1.0	2.0	0.0	2443.9619	26.0	0.0	9.0
1.0	0.90909094	1.0	1.0	0.0002192	0.09883095	0.67082039	9.0	0.0	1.0	1.0	2519.40942812	500.0	1.0	9.0
0.90909094	0.72727275	0.99084668	0.66666667	0.22728094	0.47516087	-0.1490712	8.0	1.0	2.0	0.0	2548.24813461	14.0	2.0	9.0
0.93939394	0.81818181	0.98913043	0.61111111	0.18764221	0.42783344	0.0	9.0	0.0	2.0	0.0	2576.24293303	20.0	3.0	9.0
1.0	1.0	1.0	1.0	0.0001939	0.03703249	1.0	9.0	0.0	0.0	2.0	2649.67174315	500.0	4.0	9.0
1.0	0.72727275	1.0	0.91666667	0.06265649	0.32522631	0.24056261	7.0	1.0	2.0	1.0	2683.04316807	49.0	5.0	9.0
0.97979796	0.81818181	0.99881936	0.875	0.12222808	0.43050525	0.54166667	7.0	1.0	1.0	2.0	2714.68451929	23.0	6.0	9.0
1.0	0.90909094	1.0	0.91666667	0.0570722	0.27128482	0.76980036	8.0	0.0	1.0	2.0	2746.27045441	53.0	7.0	9.0
0.95959598	0.72727275	0.99291617	0.875	0.14871259	0.48084748	0.0	8.0	0.0	3.0	0.0	2775.73075199	24.0	8.0	9.0
1.0	0.90909094	1.0	1.0	0.00028189	0.10808964	0.81009259	7.0	1.0	0.0	3.0	2852.27669835	500.0	9.0	9.0
1.0	0.90909094	1.0	1.0	0.00027851	0.12419587	0.76980036	8.0	1.0	0.0	2.0	2934.45688081	500.0	0.0	10.0
0.969697	0.81818181	0.99485126	0.88888889	0.12005208	0.33124381	0.38888889	8.0	1.0	1.0	1.0	2966.5373776	25.0	1.0	10.0
1.0	1.0	1.0	1.0	0.00022553	0.00013795	1.0	9.0	0.0	0.0	2.0	3042.79274368	500.0	2.0	10.0
0.9191919	0.81818181	0.99370709	0.61111111	0.22864712	0.45882976	0.0	9.0	0.0	2.0	0.0	3073.96055317	19.0	3.0	10.0
0.97979796	0.90909094	1.0	0.94444444	0.10997546	0.22738777	0.67082039	9.0	0.0	1.0	1.0	3112.21413016	40.0	4.0	10.0
1.0	0.90909094	1.0	0.95833333	0.00036267	0.13867699	0.76980036	8.0	0.0	1.0	2.0	3187.39410686	464.0	5.0	10.0
0.93939394	0.72727275	0.98465171	0.75	0.20969997	0.52594334	0.24056261	7.0	1.0	2.0	1.0	3218.69845128	19.0	6.0	10.0
0.8888889	0.72727275	0.98878394	0.33333333	0.25203592	0.76645619	0.0	8.0	0.0	3.0	0.0	3248.89734197	13.0	7.0	10.0
1.0	0.81818181	1.0	1.0	0.04416035	0.25577632	0.51639778	8.0	0.0	2.0	1.0	3286.53669596	65.0	8.0	10.0
1.0	0.90909094	1.0	1.0	0.01689085	0.17090653	0.76980036	8.0	0.0	1.0	2.0	3328.21083307	83.0	9.0	10.0
