train_acc	val_acc	train_auc	val_auc	train_loss	val_loss	val_mmc	tn	fp	fn	tp	time	ep_stopped	index_fold	seed
0.969697	0.81818181	0.99885584	0.83333333	0.13845168	0.36271247	0.38888889	8.0	1.0	1.0	1.0	45.3026545	83.0	0.0	1.0
0.94949496	0.72727275	0.97883295	0.61111111	0.22685122	0.44955695	-0.1490712	8.0	1.0	2.0	0.0	61.19311166	31.0	1.0	1.0
0.95959598	0.81818181	0.99141876	0.94444444	0.15998353	0.24123582	0.38888889	8.0	1.0	1.0	1.0	78.555511	73.0	2.0	1.0
1.0	0.90909094	1.0	1.0	0.02367387	0.1619851	0.67082039	9.0	0.0	1.0	1.0	101.89793301	336.0	3.0	1.0
1.0	0.81818181	1.0	0.88888889	0.03419694	0.28715163	0.38888889	8.0	1.0	1.0	1.0	126.71335363	466.0	4.0	1.0
1.0	0.81818181	1.0	0.95833333	0.03590541	0.17364281	0.54166667	7.0	1.0	1.0	2.0	149.296278	309.0	5.0	1.0
0.9191919	0.72727275	0.97815821	0.83333333	0.21552312	0.49897221	0.24056261	7.0	1.0	2.0	1.0	166.53793573	41.0	6.0	1.0
1.0	0.90909094	1.0	0.95833333	0.0726144	0.25768378	0.76980036	8.0	0.0	1.0	2.0	186.49267149	172.0	7.0	1.0
0.90909094	0.81818181	0.98406139	0.66666667	0.24798974	0.57903093	0.51639778	8.0	0.0	2.0	1.0	203.32867599	21.0	8.0	1.0
0.97979796	0.90909094	1.0	1.0	0.11130013	0.17321657	0.76980036	8.0	0.0	1.0	2.0	221.40943384	97.0	9.0	1.0
1.0	0.90909094	1.0	0.94444444	0.04169677	0.25577691	0.67082039	9.0	0.0	1.0	1.0	245.05001354	237.0	0.0	2.0
0.969697	0.81818181	0.99656751	0.88888889	0.1399625	0.31812105	0.38888889	8.0	1.0	1.0	1.0	265.08391261	113.0	1.0	2.0
0.95959598	0.90909094	1.0	0.83333333	0.14093567	0.29223678	0.67082039	9.0	0.0	1.0	1.0	283.26029396	105.0	2.0	2.0
0.97979796	0.90909094	0.99828375	0.77777778	0.13741001	0.39059389	0.67082039	9.0	0.0	1.0	1.0	301.4748323	89.0	3.0	2.0
0.97979796	0.90909094	0.99599542	0.94444444	0.14428986	0.22244214	0.67082039	9.0	0.0	1.0	1.0	322.4423759	84.0	4.0	2.0
1.0	1.0	1.0	1.0	0.01348479	0.05066811	1.0	8.0	0.0	0.0	3.0	351.85601401	500.0	5.0	2.0
0.94949496	0.72727275	0.99409681	1.0	0.18184861	0.40362176	0.0	8.0	0.0	3.0	0.0	375.45661259	57.0	6.0	2.0
0.9191919	0.81818181	0.98229044	0.83333333	0.21384561	0.48654583	0.51639778	8.0	0.0	2.0	1.0	393.77314043	46.0	7.0	2.0
0.87878788	0.81818181	0.95572609	0.625	0.27835386	0.60776138	0.51639778	8.0	0.0	2.0	1.0	412.86399126	26.0	8.0	2.0
0.94949496	0.81818181	0.98347107	0.91666667	0.19404647	0.36869222	0.51639778	8.0	0.0	2.0	1.0	432.31793451	58.0	9.0	2.0
0.97979796	0.81818181	1.0	0.94444444	0.0926414	0.24505019	0.38888889	8.0	1.0	1.0	1.0	453.54359198	128.0	0.0	3.0
1.0	0.90909094	1.0	1.0	0.05775602	0.13416106	0.76980036	8.0	1.0	0.0	2.0	474.82823443	185.0	1.0	3.0
0.76767677	0.81818181	0.82551487	0.61111111	0.46109928	0.45724356	0.0	9.0	0.0	2.0	0.0	492.31818461	9.0	2.0	3.0
0.9191919	0.81818181	0.97826087	0.88888889	0.23361475	0.32241592	0.0	9.0	0.0	2.0	0.0	515.38425565	40.0	3.0	3.0
0.93939394	0.90909094	0.99485126	0.77777778	0.22567146	0.37032431	0.67082039	9.0	0.0	1.0	1.0	535.61346006	38.0	4.0	3.0
0.98989898	0.81818181	1.0	0.875	0.07282209	0.42352626	0.51639778	8.0	0.0	2.0	1.0	561.15432358	158.0	5.0	3.0
0.98989898	0.81818181	1.0	0.875	0.07954217	0.42024067	0.54166667	7.0	1.0	1.0	2.0	582.26571298	163.0	6.0	3.0
1.0	0.81818181	1.0	1.0	0.06702222	0.25398475	0.51639778	8.0	0.0	2.0	1.0	606.01017094	212.0	7.0	3.0
0.98989898	0.90909094	1.0	0.91666667	0.07781817	0.32079479	0.76980036	8.0	0.0	1.0	2.0	629.22647429	193.0	8.0	3.0
1.0	0.81818181	1.0	0.91666667	0.05056478	0.30593216	0.54166667	7.0	1.0	1.0	2.0	655.24466634	246.0	9.0	3.0
1.0	0.90909094	1.0	1.0	0.01504403	0.16133152	0.67082039	9.0	0.0	1.0	1.0	681.56667542	415.0	0.0	4.0
1.0	1.0	1.0	1.0	0.01059259	0.04535862	1.0	9.0	0.0	0.0	2.0	711.92942762	500.0	1.0	4.0
0.87878788	0.90909094	0.98855835	0.72222222	0.25322469	0.35956052	0.67082039	9.0	0.0	1.0	1.0	731.13573098	32.0	2.0	4.0
1.0	0.72727275	1.0	0.88888889	0.06270705	0.39122313	0.24056261	7.0	2.0	1.0	1.0	757.06617713	198.0	3.0	4.0
0.93939394	0.81818181	0.99542334	0.94444444	0.16503506	0.32568094	0.38888889	8.0	1.0	1.0	1.0	777.24087381	70.0	4.0	4.0
1.0	0.81818181	1.0	0.91666667	0.04371985	0.3119868	0.51639778	8.0	0.0	2.0	1.0	802.45403457	262.0	5.0	4.0
0.97979796	0.72727275	0.99527745	0.875	0.12259645	0.43263617	0.0	8.0	0.0	3.0	0.0	824.27902651	85.0	6.0	4.0
1.0	0.90909094	1.0	0.95833333	0.03796465	0.18626083	0.76980036	8.0	0.0	1.0	2.0	850.69337869	282.0	7.0	4.0
0.90909094	0.72727275	0.97579693	0.625	0.25970778	0.69812196	0.0	8.0	0.0	3.0	0.0	871.34816217	24.0	8.0	4.0
1.0	0.90909094	1.0	1.0	0.01467539	0.15058613	0.76980036	8.0	0.0	1.0	2.0	903.64683223	500.0	9.0	4.0
1.0	0.90909094	1.0	1.0	0.01909428	0.14081758	0.76980036	8.0	1.0	0.0	2.0	935.67228603	430.0	0.0	5.0
0.79797977	0.81818181	0.94565217	0.44444444	0.3578097	0.54626554	0.0	9.0	0.0	2.0	0.0	956.50369835	15.0	1.0	5.0
1.0	0.90909094	1.0	0.94444444	0.03549411	0.24492797	0.67082039	9.0	0.0	1.0	1.0	982.52078199	277.0	2.0	5.0
0.93939394	0.81818181	0.9902746	1.0	0.19835999	0.34638858	0.0	9.0	0.0	2.0	0.0	1003.52373385	62.0	3.0	5.0
0.95959598	0.90909094	0.98684211	0.94444444	0.17158591	0.25913537	0.67082039	9.0	0.0	1.0	1.0	1026.78746986	75.0	4.0	5.0
0.85858583	0.72727275	0.94214876	0.75	0.33374524	0.5261972	0.0	8.0	0.0	3.0	0.0	1048.27101874	21.0	5.0	5.0
1.0	0.90909094	1.0	1.0	0.0113452	0.11282732	0.81009259	7.0	1.0	0.0	3.0	1085.76220107	500.0	6.0	5.0
0.92929292	0.63636363	0.96930342	0.79166667	0.22969856	0.47430208	0.2608746	5.0	3.0	1.0	2.0	1106.89595509	39.0	7.0	5.0
0.969697	0.72727275	0.99291617	0.91666667	0.15264811	0.41971448	0.24056261	7.0	1.0	2.0	1.0	1130.16963291	78.0	8.0	5.0
0.97979796	0.90909094	0.99881936	1.0	0.13262871	0.17811051	0.76980036	8.0	0.0	1.0	2.0	1154.58435607	91.0	9.0	5.0
0.84848487	0.81818181	0.91762014	0.83333333	0.35445293	0.38435641	0.0	9.0	0.0	2.0	0.0	1176.00550056	16.0	0.0	6.0
0.98989898	0.90909094	0.99942792	0.94444444	0.09663813	0.25412375	0.67082039	9.0	0.0	1.0	1.0	1199.98311448	99.0	1.0	6.0
1.0	0.90909094	1.0	0.88888889	0.04098085	0.28630105	0.67082039	9.0	0.0	1.0	1.0	1228.21127796	291.0	2.0	6.0
0.98989898	0.90909094	1.0	0.88888889	0.08469802	0.35097444	0.67082039	9.0	0.0	1.0	1.0	1252.0684123	138.0	3.0	6.0
0.90909094	0.81818181	0.95995423	0.55555556	0.26023423	0.48781434	0.0	9.0	0.0	2.0	0.0	1272.71172118	25.0	4.0	6.0
0.969697	0.81818181	0.99822904	0.91666667	0.14036314	0.40273696	0.51639778	8.0	0.0	2.0	1.0	1295.45849228	65.0	5.0	6.0
1.0	1.0	1.0	1.0	0.01530648	0.02224076	1.0	8.0	0.0	0.0	3.0	1328.84372401	500.0	6.0	6.0
0.93939394	0.72727275	0.99291617	0.875	0.17544248	0.33592167	0.24056261	7.0	1.0	2.0	1.0	1352.52414012	63.0	7.0	6.0
0.98989898	0.72727275	1.0	0.79166667	0.08074027	0.45466834	0.24056261	7.0	1.0	2.0	1.0	1375.45082974	108.0	8.0	6.0
1.0	0.81818181	1.0	0.95833333	0.03250157	0.23515056	0.54166667	7.0	1.0	1.0	2.0	1404.54464507	273.0	9.0	6.0
0.97979796	0.81818181	0.99942792	0.88888889	0.11391185	0.29405463	0.0	9.0	0.0	2.0	0.0	1432.5879283	95.0	0.0	7.0
0.81818181	0.81818181	0.93935927	0.88888889	0.36278317	0.38206786	0.0	9.0	0.0	2.0	0.0	1455.02305579	16.0	1.0	7.0
0.90909094	0.90909094	0.98913043	0.77777778	0.25379246	0.32555288	0.67082039	9.0	0.0	1.0	1.0	1478.20020103	33.0	2.0	7.0
1.0	1.0	1.0	1.0	0.00984372	0.01755316	1.0	9.0	0.0	0.0	2.0	1513.10696363	500.0	3.0	7.0
1.0	0.90909094	1.0	0.94444444	0.0148449	0.16368105	0.76980036	8.0	1.0	0.0	2.0	1548.80571342	500.0	4.0	7.0
1.0	0.90909094	1.0	0.95833333	0.05561204	0.26909074	0.81009259	7.0	1.0	0.0	3.0	1577.31280851	239.0	5.0	7.0
0.98989898	0.81818181	0.99881936	0.95833333	0.1074852	0.27432841	0.54166667	7.0	1.0	1.0	2.0	1602.13032627	125.0	6.0	7.0
0.97979796	0.63636363	0.99940968	0.75	0.10432838	0.62411898	-0.19364917	7.0	1.0	3.0	0.0	1627.56676412	89.0	7.0	7.0
0.94949496	0.72727275	0.99527745	0.75	0.15785322	0.57773191	0.0	8.0	0.0	3.0	0.0	1651.78370094	64.0	8.0	7.0
0.9191919	0.72727275	0.98937426	0.75	0.2220159	0.60699761	0.0	8.0	0.0	3.0	0.0	1674.78127933	60.0	9.0	7.0
0.98989898	0.72727275	1.0	0.83333333	0.08214759	0.31502399	0.24056261	7.0	2.0	1.0	1.0	1702.16770697	131.0	0.0	8.0
0.98989898	0.81818181	1.0	0.77777778	0.09687984	0.3533617	0.38888889	8.0	1.0	1.0	1.0	1728.38880706	127.0	1.0	8.0
1.0	0.90909094	1.0	1.0	0.08906211	0.15193251	0.76980036	8.0	1.0	0.0	2.0	1754.44489169	130.0	2.0	8.0
1.0	0.90909094	1.0	1.0	0.03877432	0.16992897	0.67082039	9.0	0.0	1.0	1.0	1787.44293356	304.0	3.0	8.0
0.94949496	0.90909094	0.99485126	0.83333333	0.16278534	0.3863126	0.67082039	9.0	0.0	1.0	1.0	1814.48592186	60.0	4.0	8.0
0.98989898	0.81818181	1.0	0.91666667	0.05973832	0.39481202	0.51639778	8.0	0.0	2.0	1.0	1842.70929408	194.0	5.0	8.0
1.0	0.81818181	1.0	1.0	0.06968096	0.24903657	0.67082039	6.0	2.0	0.0	3.0	1870.18954325	133.0	6.0	8.0
1.0	0.81818181	1.0	0.91666667	0.01001703	0.24771799	0.54166667	7.0	1.0	1.0	2.0	1906.37302804	474.0	7.0	8.0
0.95959598	0.81818181	1.0	0.91666667	0.13523231	0.34072694	0.51639778	8.0	0.0	2.0	1.0	1931.86351657	91.0	8.0	8.0
0.86868685	0.72727275	0.97520661	0.625	0.30599449	0.6772089	0.0	8.0	0.0	3.0	0.0	1954.59258056	17.0	9.0	8.0
0.95959598	0.72727275	0.99599542	0.77777778	0.15565868	0.44084719	-0.1490712	8.0	1.0	2.0	0.0	1981.89251161	72.0	0.0	9.0
1.0	1.0	1.0	1.0	0.01663183	0.05740832	1.0	9.0	0.0	0.0	2.0	2022.15540433	500.0	1.0	9.0
0.89898992	0.72727275	0.96796339	0.77777778	0.26374885	0.41465303	-0.1490712	8.0	1.0	2.0	0.0	2049.45393109	27.0	2.0	9.0
0.82828283	0.81818181	0.92677346	0.5	0.38590455	0.50401175	0.0	9.0	0.0	2.0	0.0	2075.36749697	13.0	3.0	9.0
0.98989898	0.90909094	1.0	0.94444444	0.0867955	0.23096271	0.67082039	9.0	0.0	1.0	1.0	2102.67068863	135.0	4.0	9.0
0.98989898	0.81818181	1.0	0.91666667	0.1031722	0.27871487	0.54166667	7.0	1.0	1.0	2.0	2133.57481956	121.0	5.0	9.0
0.969697	0.81818181	0.99291617	0.875	0.16309682	0.38020754	0.67082039	6.0	2.0	0.0	3.0	2159.86199379	56.0	6.0	9.0
0.98989898	0.90909094	1.0	0.91666667	0.11017694	0.28519958	0.76980036	8.0	0.0	1.0	2.0	2188.72390389	100.0	7.0	9.0
0.94949496	0.72727275	0.97992916	0.91666667	0.19849574	0.54631245	0.0	8.0	0.0	3.0	0.0	2214.88994956	56.0	8.0	9.0
1.0	0.90909094	1.0	1.0	0.0129328	0.20002317	0.81009259	7.0	1.0	0.0	3.0	2253.10972142	460.0	9.0	9.0
1.0	0.81818181	1.0	0.94444444	0.0128283	0.22929068	0.38888889	8.0	1.0	1.0	1.0	2298.54492426	500.0	0.0	10.0
0.92929292	0.81818181	0.98569794	0.83333333	0.20783777	0.408723	0.38888889	8.0	1.0	1.0	1.0	2325.90481424	37.0	1.0	10.0
1.0	1.0	1.0	1.0	0.01249888	0.01458192	1.0	9.0	0.0	0.0	2.0	2365.56889582	500.0	2.0	10.0
0.89898992	0.81818181	0.951373	0.94444444	0.27232869	0.31982958	0.0	9.0	0.0	2.0	0.0	2392.3135004	36.0	3.0	10.0
0.98989898	0.90909094	0.99885584	0.94444444	0.11094392	0.29065779	0.67082039	9.0	0.0	1.0	1.0	2427.97151136	127.0	4.0	10.0
1.0	0.90909094	1.0	0.95833333	0.05359161	0.18569113	0.81009259	7.0	1.0	0.0	3.0	2460.59059072	206.0	5.0	10.0
0.87878788	0.81818181	0.95513577	0.75	0.30950708	0.47198769	0.51639778	8.0	0.0	2.0	1.0	2486.66633177	21.0	6.0	10.0
0.82828283	0.72727275	0.87957497	0.5	0.38400374	0.70388699	0.0	8.0	0.0	3.0	0.0	2512.01657701	13.0	7.0	10.0
0.97979796	0.81818181	1.0	0.95833333	0.12610956	0.31343833	0.51639778	8.0	0.0	2.0	1.0	2543.73600793	122.0	8.0	10.0
0.98989898	0.81818181	0.99940968	1.0	0.11638897	0.25864336	0.51639778	8.0	0.0	2.0	1.0	2577.59204698	96.0	9.0	10.0
