train_acc	val_acc	train_auc	val_auc	train_loss	val_loss	val_mmc	tn	fp	fn	tp	time	ep_stopped	index_fold	seed
0.89903843	0.875	0.98029967	0.92361111	0.24060156	0.36642542	0.75261781	11.0	1.0	2.0	10.0	86.10390306	10.0	0.0	1.0
0.99519229	0.91666669	1.0	0.97916667	0.06051012	0.19387286	0.83333333	11.0	1.0	1.0	11.0	114.45410967	58.0	1.0	1.0
0.99038464	0.95833331	0.99916759	0.9375	0.09550246	0.26380079	0.91986621	12.0	0.0	1.0	11.0	141.1719451	41.0	2.0	1.0
0.96153843	0.875	0.99519053	0.97222222	0.15204379	0.25668225	0.75261781	11.0	1.0	2.0	10.0	170.16514349	25.0	3.0	1.0
0.9952153	0.78260869	0.99981682	0.88636364	0.09469858	0.43761031	0.58930667	10.0	1.0	4.0	8.0	197.47785926	49.0	4.0	1.0
1.0	0.86956519	1.0	0.99242424	0.04296547	0.24369193	0.76764947	11.0	0.0	3.0	9.0	225.48279333	92.0	5.0	1.0
1.0	0.9130435	1.0	0.96212121	0.02941293	0.24667859	0.82575758	10.0	1.0	1.0	11.0	254.88249254	121.0	6.0	1.0
0.97607654	0.82608694	0.99725224	0.88636364	0.130985	0.39036463	0.65909298	8.0	3.0	1.0	11.0	281.54550052	35.0	7.0	1.0
0.91904759	0.77272725	0.97332365	0.89256198	0.24198123	0.50184571	0.56694671	10.0	1.0	4.0	7.0	307.0231688	11.0	8.0	1.0
0.92380953	0.81818181	0.98276019	0.99173554	0.21897521	0.34628827	0.68313005	7.0	4.0	0.0	11.0	332.53221846	13.0	9.0	1.0
0.95192307	0.83333331	0.99324824	0.91666667	0.20588324	0.41304195	0.6761234	9.0	3.0	1.0	11.0	358.88432097	20.0	0.0	2.0
0.94711536	0.91666669	0.99343322	0.97222222	0.16690459	0.21784254	0.83333333	11.0	1.0	1.0	11.0	385.11690712	22.0	1.0	2.0
0.99038464	0.83333331	0.99981502	0.97222222	0.09847585	0.32103609	0.70710678	8.0	4.0	0.0	12.0	414.06556916	43.0	2.0	2.0
1.0	0.875	1.0	0.94444444	0.04232251	0.26075601	0.75261781	11.0	1.0	2.0	10.0	442.82907653	69.0	3.0	2.0
0.9952153	0.82608694	0.99990841	0.95454545	0.07935732	0.24948361	0.66414149	10.0	1.0	3.0	9.0	470.72257495	57.0	4.0	2.0
0.93301433	0.78260869	0.98516212	0.90151515	0.22073765	0.41507636	0.56818182	9.0	2.0	3.0	9.0	496.60925245	17.0	5.0	2.0
0.97607654	0.86956519	0.99706906	0.98484848	0.13581407	0.26942152	0.74047959	9.0	2.0	1.0	11.0	522.32540894	32.0	6.0	2.0
0.95693779	0.86956519	0.99505404	0.96212121	0.16096375	0.28888229	0.76764947	11.0	0.0	3.0	9.0	548.49899459	25.0	7.0	2.0
0.99523807	0.81818181	0.99945558	0.90909091	0.08251296	0.41777887	0.63636364	9.0	2.0	2.0	9.0	579.48638034	43.0	8.0	2.0
0.96666664	0.68181819	0.99682424	0.84297521	0.12961645	0.48766655	0.36514837	7.0	4.0	3.0	8.0	606.53375435	27.0	9.0	2.0
1.0	1.0	1.0	1.0	0.00298415	0.03242447	1.0	12.0	0.0	0.0	12.0	643.99977851	342.0	0.0	3.0
1.0	0.875	1.0	0.96527778	0.03361324	0.29073473	0.77459667	12.0	0.0	3.0	9.0	674.01315618	90.0	1.0	3.0
1.0	0.83333331	1.0	0.90972222	0.04522915	0.41100641	0.70710678	8.0	4.0	0.0	12.0	703.49208379	87.0	2.0	3.0
0.98557693	0.83333331	0.99944506	0.95833333	0.09502285	0.3117776	0.6761234	9.0	3.0	1.0	11.0	732.17596173	40.0	3.0	3.0
0.91866028	0.86956519	0.9830555	0.93939394	0.21354949	0.37224823	0.76277007	8.0	3.0	0.0	12.0	758.90379238	15.0	4.0	3.0
0.9952153	0.9130435	0.99990841	1.0	0.07234622	0.17346969	0.83743579	9.0	2.0	0.0	12.0	787.19385242	54.0	5.0	3.0
0.95215309	0.82608694	0.99514563	0.96212121	0.15909081	0.32990717	0.66414149	10.0	1.0	3.0	9.0	814.56042743	28.0	6.0	3.0
0.93779904	0.86956519	0.98626122	0.9469697	0.23263162	0.40407352	0.76764947	11.0	0.0	3.0	9.0	841.37932348	19.0	7.0	3.0
0.91904759	0.68181819	0.98185283	0.80165289	0.23790486	0.57731	0.36514837	8.0	3.0	4.0	7.0	873.72200489	9.0	8.0	3.0
0.93333334	0.86363637	0.99029126	0.94214876	0.18424094	0.29650028	0.73029674	10.0	1.0	2.0	9.0	905.09072208	22.0	9.0	3.0
0.98557693	0.875	0.99926008	0.9375	0.10085547	0.29181691	0.75261781	11.0	1.0	2.0	10.0	933.2138319	39.0	0.0	4.0
0.93269229	0.79166669	0.98982612	0.86805556	0.19048475	0.39687464	0.58536941	10.0	2.0	3.0	9.0	961.51349926	18.0	1.0	4.0
0.99519229	0.83333331	0.99972253	0.9375	0.07477646	0.27275547	0.66666667	10.0	2.0	2.0	10.0	990.30867672	52.0	2.0	4.0
1.0	0.95833331	1.0	1.0	0.00204849	0.08283575	0.91986621	11.0	1.0	0.0	12.0	1031.52217984	400.0	3.0	4.0
1.0	0.9130435	1.0	0.99242424	0.00768157	0.13796936	0.83743579	9.0	2.0	0.0	12.0	1065.30172229	210.0	4.0	4.0
0.98564595	0.82608694	0.99871771	0.96969697	0.11468463	0.26752275	0.65151515	9.0	2.0	2.0	10.0	1093.76548862	43.0	5.0	4.0
0.91866028	0.73913044	0.97966661	0.91666667	0.22771741	0.52998642	0.56879646	11.0	0.0	6.0	6.0	1121.16353703	11.0	6.0	4.0
1.0	0.95652175	1.0	0.96969697	0.03152792	0.21520172	0.91666667	11.0	0.0	1.0	11.0	1151.40135312	96.0	7.0	4.0
0.91428572	0.86363637	0.98266945	0.94214876	0.2258574	0.37606363	0.73029674	9.0	2.0	1.0	10.0	1183.03366852	13.0	8.0	4.0
0.99523807	0.86363637	0.99990926	0.94214876	0.07295583	0.34231278	0.73029674	9.0	2.0	1.0	10.0	1215.86911345	49.0	9.0	4.0
1.0	0.95833331	1.0	0.99305556	0.00301108	0.11257913	0.91986621	11.0	1.0	0.0	12.0	1256.74953246	331.0	0.0	5.0
0.99519229	0.91666669	0.99990751	0.97222222	0.07225794	0.2074073	0.83333333	11.0	1.0	1.0	11.0	1287.45596409	53.0	1.0	5.0
0.92788464	0.91666669	0.98742138	0.97916667	0.19591716	0.27966194	0.84515425	12.0	0.0	2.0	10.0	1316.536062	16.0	2.0	5.0
0.92307693	0.79166669	0.98538661	0.95833333	0.21024025	0.33169985	0.60246408	8.0	4.0	1.0	11.0	1346.45331955	14.0	3.0	5.0
0.9952153	0.82608694	1.0	0.93939394	0.05868218	0.30298401	0.66414149	10.0	1.0	3.0	9.0	1376.82895231	76.0	4.0	5.0
0.91387558	0.78260869	0.98369665	0.84848485	0.22127615	0.4609901	0.58930667	10.0	1.0	4.0	8.0	1404.29890513	11.0	5.0	5.0
1.0	0.95652175	1.0	0.98484848	0.00099958	0.12955895	0.91605722	10.0	1.0	0.0	12.0	1450.86912441	465.0	6.0	5.0
0.9665072	0.86956519	0.99642792	0.90151515	0.16158929	0.38262185	0.74242424	10.0	1.0	2.0	10.0	1479.5687983	26.0	7.0	5.0
0.90476191	0.81818181	0.97686235	0.90082645	0.24776662	0.49007099	0.63636364	9.0	2.0	2.0	9.0	1512.14969349	9.0	8.0	5.0
0.91904759	0.86363637	0.98212503	0.95041322	0.21638489	0.31170676	0.73029674	10.0	1.0	2.0	9.0	1544.31475091	13.0	9.0	5.0
0.98557693	0.83333331	0.99833518	0.91666667	0.12324814	0.38274125	0.6761234	11.0	1.0	3.0	9.0	1575.40750265	31.0	0.0	6.0
0.90865386	0.91666669	0.98584906	0.93055556	0.20718844	0.39838121	0.84515425	10.0	2.0	0.0	12.0	1605.87535906	14.0	1.0	6.0
0.99519229	0.95833331	1.0	0.99305556	0.07899781	0.21838764	0.91986621	12.0	0.0	1.0	11.0	1635.92269516	50.0	2.0	6.0
0.97596157	0.875	0.99657788	0.97916667	0.1559987	0.22697533	0.77459667	9.0	3.0	0.0	12.0	1666.73361635	28.0	3.0	6.0
0.91387558	0.73913044	0.97783477	0.83333333	0.2532325	0.4921031	0.47727273	8.0	3.0	3.0	9.0	1695.23925924	11.0	4.0	6.0
1.0	0.82608694	1.0	0.95454545	0.03416362	0.27606425	0.65151515	9.0	2.0	2.0	10.0	1727.53807664	104.0	5.0	6.0
0.96172249	0.78260869	0.99679428	0.90909091	0.14467485	0.39794295	0.58002308	7.0	4.0	1.0	11.0	1758.17601514	25.0	6.0	6.0
0.95215309	0.82608694	0.98900898	0.95454545	0.20223592	0.31710785	0.66414149	10.0	1.0	3.0	9.0	1786.77290654	20.0	7.0	6.0
1.0	0.86363637	1.0	0.97520661	0.06428167	0.25681656	0.73029674	9.0	2.0	1.0	10.0	1819.20721698	59.0	8.0	6.0
1.0	0.90909094	1.0	0.99173554	0.04411144	0.12973855	0.81818182	10.0	1.0	1.0	10.0	1855.81329656	78.0	9.0	6.0
1.0	0.79166669	1.0	0.91666667	0.05095566	0.38634564	0.58536941	10.0	2.0	3.0	9.0	1889.26071668	75.0	0.0	7.0
0.98557693	0.875	0.99898261	0.96527778	0.10829437	0.31989109	0.77459667	12.0	0.0	3.0	9.0	1920.11837268	35.0	1.0	7.0
0.93269229	0.875	0.99084351	0.91666667	0.17889945	0.3648048	0.75261781	11.0	1.0	2.0	10.0	1950.87621236	17.0	2.0	7.0
0.98076922	0.91666669	0.99676286	0.97916667	0.13208531	0.21575117	0.83333333	11.0	1.0	1.0	11.0	1981.24070692	30.0	3.0	7.0
0.93779904	0.82608694	0.98580326	0.89393939	0.19502092	0.40826889	0.66414149	10.0	1.0	3.0	9.0	2011.17477918	15.0	4.0	7.0
0.97607654	0.82608694	0.99880931	0.93181818	0.11790282	0.34019845	0.65909298	8.0	3.0	1.0	11.0	2041.08977675	31.0	5.0	7.0
1.0	1.0	1.0	1.0	0.00075365	0.03922832	1.0	11.0	0.0	0.0	12.0	2097.90735126	500.0	6.0	7.0
0.92344499	0.82608694	0.98736032	0.9469697	0.19692806	0.29939951	0.65151515	9.0	2.0	2.0	10.0	2126.94026351	17.0	7.0	7.0
0.8952381	0.81818181	0.97767898	0.9338843	0.24684446	0.44135283	0.68313005	7.0	4.0	0.0	11.0	2161.35770154	9.0	8.0	7.0
1.0	0.95454544	1.0	0.99173554	0.00078076	0.12985887	0.91287093	10.0	1.0	0.0	11.0	2218.03145361	500.0	9.0	7.0
1.0	0.95833331	1.0	1.0	0.02165163	0.09807122	0.91986621	12.0	0.0	1.0	11.0	2254.80653	134.0	0.0	8.0
0.99519229	0.79166669	0.99963004	0.93055556	0.07528243	0.36615274	0.60246408	11.0	1.0	4.0	8.0	2287.96048713	47.0	1.0	8.0
0.90384614	0.75	0.97595265	0.88194444	0.24815808	0.53133605	0.50709255	10.0	2.0	4.0	8.0	2321.47222972	8.0	2.0	8.0
1.0	0.83333331	1.0	0.97222222	0.01520832	0.22274322	0.6761234	11.0	1.0	3.0	9.0	2359.12923312	170.0	3.0	8.0
0.98086125	0.78260869	0.99624473	0.93181818	0.14127159	0.33220644	0.56490196	8.0	3.0	2.0	10.0	2391.59733748	30.0	4.0	8.0
0.98564595	0.82608694	0.99935886	0.90151515	0.1152335	0.39295351	0.65151515	9.0	2.0	2.0	10.0	2422.24481058	37.0	5.0	8.0
1.0	0.86956519	1.0	1.0	0.03945133	0.17910989	0.76277007	8.0	3.0	0.0	12.0	2461.93012261	80.0	6.0	8.0
0.9952153	0.9130435	1.0	0.97727273	0.06124968	0.19231313	0.83971912	11.0	0.0	2.0	10.0	2495.7819562	67.0	7.0	8.0
0.93809521	0.81818181	0.98829507	0.95041322	0.19427845	0.29536315	0.63636364	9.0	2.0	2.0	9.0	2530.47074938	17.0	8.0	8.0
0.98095238	0.81818181	0.99909264	0.9338843	0.11072859	0.31836758	0.63636364	9.0	2.0	2.0	9.0	2563.56733465	34.0	9.0	8.0
0.91826922	0.83333331	0.97854236	0.9375	0.23247398	0.35556408	0.6761234	11.0	1.0	3.0	9.0	2594.72841763	12.0	0.0	9.0
1.0	0.79166669	1.0	0.92361111	0.03791932	0.33327148	0.58536941	10.0	2.0	3.0	9.0	2628.47200203	83.0	1.0	9.0
1.0	0.875	1.0	0.94444444	0.02611584	0.31617386	0.77459667	12.0	0.0	3.0	9.0	2664.46395326	129.0	2.0	9.0
1.0	0.91666669	1.0	0.98611111	0.05255722	0.19007047	0.83333333	11.0	1.0	1.0	11.0	2700.28530598	68.0	3.0	9.0
0.97129184	0.82608694	0.9977102	0.87121212	0.15556683	0.49194984	0.65151515	9.0	2.0	2.0	10.0	2731.27086616	26.0	4.0	9.0
0.9665072	0.9130435	0.99596996	0.93939394	0.15735875	0.32742285	0.83743579	9.0	2.0	0.0	12.0	2763.56682158	27.0	5.0	9.0
0.89952153	0.69565219	0.97288881	0.88636364	0.27092775	0.53358243	0.41096386	9.0	2.0	5.0	7.0	2794.77136469	8.0	6.0	9.0
0.92344499	0.82608694	0.98928375	0.95454545	0.18819218	0.31576164	0.65151515	9.0	2.0	2.0	10.0	2826.72108269	17.0	7.0	9.0
0.94761902	0.86363637	0.99437438	0.98347107	0.17167369	0.23423264	0.73029674	9.0	2.0	1.0	10.0	2864.18431354	23.0	8.0	9.0
0.98095238	0.86363637	0.99854823	0.94214876	0.1083736	0.33166561	0.73029674	10.0	1.0	2.0	9.0	2901.41715002	31.0	9.0	9.0
0.99519229	0.875	0.99972253	0.98611111	0.09024127	0.21826252	0.75261781	10.0	2.0	1.0	11.0	2935.72996116	44.0	0.0	10.0
0.99519229	0.875	0.99963004	0.97916667	0.08578569	0.17968076	0.75261781	11.0	1.0	2.0	10.0	2970.16368556	47.0	1.0	10.0
1.0	0.91666669	1.0	1.0	0.00083914	0.15027011	0.84515425	12.0	0.0	2.0	10.0	3025.8516593	500.0	2.0	10.0
0.99038464	0.875	0.99972253	0.92361111	0.10357801	0.31810449	0.75261781	11.0	1.0	2.0	10.0	3060.15577507	37.0	3.0	10.0
0.90430623	0.73913044	0.97673567	0.85606061	0.25142313	0.52915774	0.48075018	7.0	4.0	2.0	10.0	3093.60222745	9.0	4.0	10.0
0.90909094	0.69565219	0.98003297	0.83333333	0.23010937	0.61933629	0.44411739	10.0	1.0	6.0	6.0	3126.55493474	11.0	5.0	10.0
1.0	0.9130435	1.0	0.96212121	0.05151468	0.22741335	0.82575758	10.0	1.0	1.0	11.0	3160.40447259	64.0	6.0	10.0
0.9952153	0.82608694	0.99917567	0.87121212	0.09178096	0.43546754	0.65151515	9.0	2.0	2.0	10.0	3196.04462075	47.0	7.0	10.0
0.93809521	0.90909094	0.98965611	0.95867769	0.19181099	0.30939177	0.83205029	9.0	2.0	0.0	11.0	3234.19075108	18.0	8.0	10.0
1.0	0.86363637	1.0	0.97520661	0.00078054	0.2010036	0.73029674	9.0	2.0	1.0	10.0	3295.67750406	500.0	9.0	10.0
