train_acc	val_acc	train_auc	val_auc	train_loss	val_loss	val_mmc	tn	fp	fn	tp	time	ep_stopped	index_fold	seed
0.89534885	0.5	0.94901316	0.64	0.38458117	0.63610035	0.0	2.0	3.0	2.0	3.0	27.40553546	12.0	0.0	1.0
0.93023258	0.69999999	0.98410088	0.68	0.29811451	0.88889045	0.40824829	3.0	2.0	1.0	4.0	46.90803218	17.0	1.0	1.0
0.94186044	0.69999999	0.98464912	0.72	0.2876637	0.61685067	0.40824829	3.0	2.0	1.0	4.0	58.82401466	18.0	2.0	1.0
0.82558137	0.69999999	0.89907256	0.5	0.46903001	0.67496711	0.35634832	2.0	2.0	1.0	5.0	73.67149138	8.0	3.0	1.0
0.91860467	0.60000002	0.96617567	0.79166667	0.32153927	0.53203738	0.25	3.0	1.0	3.0	3.0	87.08604622	16.0	4.0	1.0
0.97674417	0.69999999	0.99727223	0.83333333	0.22131194	0.53553766	0.40824829	3.0	1.0	2.0	4.0	99.08035946	25.0	5.0	1.0
0.78160918	0.77777779	0.90384615	0.6	0.44947478	0.92160958	0.55	3.0	1.0	1.0	4.0	113.87840891	6.0	6.0	1.0
0.80459768	0.55555558	0.88514957	0.7	0.48158419	0.66208816	0.1	2.0	2.0	2.0	3.0	128.17258525	6.0	7.0	1.0
0.87356323	0.55555558	0.93215812	0.5	0.39546046	0.79342622	0.1	2.0	2.0	2.0	3.0	141.89454842	8.0	8.0	1.0
0.81609195	0.77777779	0.9150641	0.9	0.42783774	0.5253247	0.63245553	4.0	0.0	2.0	3.0	155.67156649	9.0	9.0	1.0
0.91860467	0.69999999	0.96436404	0.76	0.34174913	0.62912428	0.40824829	4.0	1.0	2.0	3.0	167.18999648	15.0	0.0	2.0
0.88372093	0.69999999	0.96162281	0.76	0.36559139	0.63081372	0.40824829	3.0	2.0	1.0	4.0	180.42977262	12.0	1.0	2.0
0.94186044	0.69999999	0.96162281	0.64	0.36541515	0.66395551	0.40824829	3.0	2.0	1.0	4.0	193.62004757	12.0	2.0	2.0
1.0	0.80000001	1.0	0.83333333	0.12496453	0.62801182	0.66666667	4.0	0.0	2.0	4.0	206.45197177	45.0	3.0	2.0
0.81395346	0.40000001	0.92853246	0.41666667	0.42132545	0.85194981	-0.25	1.0	3.0	3.0	3.0	219.90304565	7.0	4.0	2.0
0.88372093	0.60000002	0.92853246	0.58333333	0.40992556	0.78682244	0.25	3.0	1.0	3.0	3.0	234.0109973	8.0	5.0	2.0
0.87356323	0.77777779	0.96688034	0.65	0.34765818	0.71976799	0.5976143	2.0	2.0	0.0	5.0	247.90289927	13.0	6.0	2.0
0.90804595	0.33333334	0.96260684	0.25	0.32405733	1.06495643	-0.35	1.0	3.0	3.0	2.0	263.78754759	15.0	7.0	2.0
0.86206895	0.55555558	0.93108974	0.6	0.40665548	0.75633544	0.05976143	1.0	3.0	1.0	4.0	276.01301336	9.0	8.0	2.0
0.82758623	0.77777779	0.90811966	0.75	0.43120478	0.559762	0.5976143	2.0	2.0	0.0	5.0	289.96578312	10.0	9.0	2.0
0.94186044	0.80000001	0.98026316	0.8	0.29248856	0.50099325	0.6	4.0	1.0	1.0	4.0	304.07316637	18.0	0.0	3.0
0.83720928	0.40000001	0.91063596	0.52	0.44641552	0.87632811	-0.21821789	1.0	4.0	2.0	3.0	317.41219592	6.0	1.0	3.0
0.88372093	0.40000001	0.97039474	0.16	0.31668422	1.25479484	-0.2	2.0	3.0	3.0	2.0	331.16617012	14.0	2.0	3.0
0.91860467	0.60000002	0.98799782	0.75	0.26508397	0.59311503	0.16666667	2.0	2.0	2.0	4.0	348.26851821	22.0	3.0	3.0
0.79069769	0.69999999	0.87179487	0.54166667	0.47630748	0.75294143	0.40824829	3.0	1.0	2.0	4.0	361.41393471	6.0	4.0	3.0
0.91860467	0.60000002	0.96235679	0.79166667	0.33388113	0.57626677	0.25	3.0	1.0	3.0	3.0	376.32276511	14.0	5.0	3.0
1.0	0.8888889	1.0	0.95	0.00235126	0.26980865	0.79056942	3.0	1.0	0.0	5.0	400.50896525	500.0	6.0	3.0
0.80459768	0.55555558	0.90117521	0.5	0.44991692	0.72994095	0.15811388	3.0	1.0	3.0	2.0	415.49239182	8.0	7.0	3.0
0.85057473	0.44444445	0.92788462	0.4	0.3958218	0.79636943	-0.15811388	1.0	3.0	2.0	3.0	429.24445915	11.0	8.0	3.0
0.85057473	0.66666669	0.92735043	0.55	0.40405186	0.78242135	0.31622777	2.0	2.0	1.0	4.0	444.0882566	8.0	9.0	3.0
0.80232561	0.69999999	0.89309211	0.6	0.48178862	0.66504043	0.40824829	3.0	2.0	1.0	4.0	460.74908423	6.0	0.0	4.0
0.88372093	0.69999999	0.95230263	0.64	0.38072236	0.75418359	0.40824829	3.0	2.0	1.0	4.0	474.48441148	10.0	1.0	4.0
0.81395346	0.69999999	0.86239035	0.52	0.5137927	0.75394416	0.40824829	4.0	1.0	2.0	3.0	487.7874012	6.0	2.0	4.0
0.89534885	0.69999999	0.96672122	0.79166667	0.34143248	0.48610124	0.40824829	3.0	1.0	2.0	4.0	502.86879444	15.0	3.0	4.0
0.89534885	0.40000001	0.96453901	0.45833333	0.32973273	0.8768245	-0.16666667	2.0	2.0	4.0	2.0	518.18324828	15.0	4.0	4.0
1.0	0.80000001	1.0	0.83333333	0.00241852	0.47991809	0.61237244	2.0	2.0	0.0	6.0	545.13444424	500.0	5.0	4.0
0.83908045	0.77777779	0.93429487	0.75	0.39770544	0.59819007	0.55	3.0	1.0	1.0	4.0	560.46952677	8.0	6.0	4.0
0.79310346	0.66666669	0.91452991	0.7	0.44195347	0.60700798	0.31622777	2.0	2.0	1.0	4.0	576.50976229	8.0	7.0	4.0
0.82758623	0.66666669	0.9150641	0.65	0.42461814	0.83490449	0.35	3.0	1.0	2.0	3.0	591.35628295	8.0	8.0	4.0
0.86206895	0.55555558	0.92200855	0.65	0.40922032	0.66072929	0.1	2.0	2.0	2.0	3.0	608.57866621	9.0	9.0	4.0
0.82558137	0.5	0.90953947	0.64	0.45938477	0.71449357	0.0	1.0	4.0	1.0	4.0	623.72475982	6.0	0.0	5.0
0.90697676	0.60000002	0.97203947	0.68	0.33612381	0.59156972	0.2	3.0	2.0	2.0	3.0	639.80213451	14.0	1.0	5.0
0.86046511	0.69999999	0.93859649	0.72	0.39782719	0.66056174	0.40824829	4.0	1.0	2.0	3.0	655.33459759	11.0	2.0	5.0
0.86046511	0.40000001	0.90998363	0.54166667	0.42732524	0.75037396	-0.16666667	2.0	2.0	4.0	2.0	670.86582971	8.0	3.0	5.0
0.8488372	0.40000001	0.96508456	0.5	0.33490467	1.01904464	-0.16666667	2.0	2.0	4.0	2.0	690.11174369	11.0	4.0	5.0
0.89534885	0.80000001	0.95581015	0.79166667	0.35503577	0.59212244	0.58333333	3.0	1.0	1.0	5.0	705.97445679	11.0	5.0	5.0
0.89655173	0.44444445	0.97489316	0.45	0.31553727	0.96899933	-0.15811388	1.0	3.0	2.0	3.0	723.58779573	13.0	6.0	5.0
1.0	0.77777779	1.0	0.9	0.02994234	0.39353386	0.5976143	2.0	2.0	0.0	5.0	742.00510359	139.0	7.0	5.0
0.85057473	0.55555558	0.91292735	0.45	0.4453986	0.88999104	0.05976143	1.0	3.0	1.0	4.0	759.76025438	7.0	8.0	5.0
0.83908045	0.77777779	0.9150641	0.75	0.43133663	0.56837666	0.55	3.0	1.0	1.0	4.0	775.91545868	9.0	9.0	5.0
1.0	0.69999999	1.0	0.92	0.0556713	0.52556729	0.5	2.0	3.0	0.0	5.0	794.1282382	88.0	0.0	6.0
0.87209302	0.60000002	0.91557018	0.64	0.4283362	0.68038309	0.2	3.0	2.0	2.0	3.0	810.37982941	9.0	1.0	6.0
0.83720928	0.5	0.92763158	0.56	0.42607482	0.85762596	0.0	1.0	4.0	1.0	4.0	826.2848053	7.0	2.0	6.0
0.91860467	0.80000001	0.97981451	0.83333333	0.31931893	0.51777017	0.66666667	4.0	0.0	2.0	4.0	844.67946768	14.0	3.0	6.0
0.79069769	0.60000002	0.90507365	0.54166667	0.47121614	0.773983	0.16666667	2.0	2.0	2.0	4.0	860.80429053	6.0	4.0	6.0
0.80232561	0.69999999	0.92034915	0.625	0.45813084	0.69114637	0.40824829	3.0	1.0	2.0	4.0	879.23601127	7.0	5.0	6.0
0.88505745	0.77777779	0.96955128	0.6	0.32186785	0.75785971	0.63245553	4.0	0.0	2.0	3.0	895.65371799	18.0	6.0	6.0
0.9770115	0.44444445	0.99732906	0.45	0.20175173	0.80992442	-0.1	2.0	2.0	3.0	2.0	912.09363127	25.0	7.0	6.0
1.0	0.66666669	1.0	0.75	0.14502246	0.57945061	0.35	3.0	1.0	2.0	3.0	930.74795628	44.0	8.0	6.0
0.954023	0.66666669	0.99145299	0.9	0.27904726	0.51440418	0.47809144	4.0	0.0	3.0	2.0	949.01289749	22.0	9.0	6.0
0.90697676	0.5	0.96929825	0.52	0.33260155	0.79205263	0.0	3.0	2.0	3.0	2.0	967.54579782	13.0	0.0	7.0
0.81395346	0.40000001	0.91502193	0.6	0.44190857	0.85642928	-0.21821789	1.0	4.0	2.0	3.0	984.50818563	6.0	1.0	7.0
0.8488372	0.69999999	0.9435307	0.68	0.39684578	0.66377866	0.40824829	3.0	2.0	1.0	4.0	1000.61470556	11.0	2.0	7.0
0.83720928	0.60000002	0.93726132	0.41666667	0.42084455	0.87693042	0.10206207	1.0	3.0	1.0	5.0	1017.11759973	7.0	3.0	7.0
1.0	0.60000002	1.0	0.625	0.0776301	0.62518513	0.16666667	2.0	2.0	2.0	4.0	1038.16712499	69.0	4.0	7.0
0.94186044	0.69999999	0.98199673	0.66666667	0.28503322	0.63999921	0.53452248	4.0	0.0	3.0	3.0	1054.34112048	20.0	5.0	7.0
1.0	1.0	1.0	1.0	0.00348084	0.26141199	1.0	4.0	0.0	0.0	5.0	1083.2593441	500.0	6.0	7.0
0.82758623	0.55555558	0.94070513	0.7	0.40303535	0.57424033	0.05976143	1.0	3.0	1.0	4.0	1100.88711572	12.0	7.0	7.0
0.83908045	0.44444445	0.90117521	0.55	0.45915346	0.78086013	-0.15811388	1.0	3.0	2.0	3.0	1120.25355291	6.0	8.0	7.0
0.88505745	0.77777779	0.95940171	0.65	0.37274594	0.76042885	0.55	3.0	1.0	1.0	4.0	1138.48232913	12.0	9.0	7.0
0.86046511	0.5	0.9314693	0.32	0.42184013	0.95517474	0.0	1.0	4.0	1.0	4.0	1156.18366671	6.0	0.0	8.0
0.89534885	0.69999999	0.97642544	0.8	0.32471796	0.52371711	0.40824829	3.0	2.0	1.0	4.0	1173.69215822	15.0	1.0	8.0
0.83720928	0.5	0.9122807	0.44	0.44666943	0.83953869	0.0	3.0	2.0	3.0	2.0	1195.2384789	8.0	2.0	8.0
0.88372093	0.60000002	0.92962357	0.79166667	0.41572299	0.60456204	0.25	3.0	1.0	3.0	3.0	1214.81190276	8.0	3.0	8.0
0.87209302	0.60000002	0.92744135	0.5	0.4245043	0.72138488	0.16666667	2.0	2.0	2.0	4.0	1232.31590009	8.0	4.0	8.0
0.91860467	0.60000002	0.96453901	0.45833333	0.32652203	0.81981027	0.25	3.0	1.0	3.0	3.0	1251.09451842	15.0	5.0	8.0
0.86206895	0.8888889	0.93482906	0.8	0.38843292	0.54912245	0.79056942	3.0	1.0	0.0	5.0	1270.6141777	10.0	6.0	8.0
1.0	0.77777779	1.0	0.9	0.02300491	0.49701867	0.55	3.0	1.0	1.0	4.0	1295.22397923	151.0	7.0	8.0
1.0	1.0	1.0	1.0	0.00264097	0.15531775	1.0	4.0	0.0	0.0	5.0	1328.85541654	500.0	8.0	8.0
0.82758623	0.44444445	0.91880342	0.35	0.42888454	1.22248316	-0.05976143	3.0	1.0	4.0	1.0	1350.10988569	6.0	9.0	8.0
0.86046511	0.60000002	0.91776316	0.4	0.44118077	0.86643314	0.21821789	2.0	3.0	1.0	4.0	1369.0428319	7.0	0.0	9.0
0.88372093	0.69999999	0.95285088	0.56	0.35171608	0.6764468	0.40824829	3.0	2.0	1.0	4.0	1390.09928918	15.0	1.0	9.0
1.0	0.60000002	1.0	0.84	0.18354247	0.55156481	0.21821789	2.0	3.0	1.0	4.0	1412.47830367	40.0	2.0	9.0
0.95348835	0.80000001	0.99072559	0.66666667	0.25908372	0.68088573	0.66666667	4.0	0.0	2.0	4.0	1430.94959593	22.0	3.0	9.0
0.86046511	0.40000001	0.93780687	0.20833333	0.4168332	0.91686457	-0.25	1.0	3.0	3.0	3.0	1452.99228525	6.0	4.0	9.0
1.0	0.89999998	1.0	0.91666667	0.0245653	0.36315465	0.81649658	4.0	0.0	1.0	5.0	1477.07129025	156.0	5.0	9.0
0.86206895	0.44444445	0.92628205	0.55	0.4325632	0.7125724	-0.15811388	1.0	3.0	2.0	3.0	1496.97346377	8.0	6.0	9.0
0.91954023	0.22222222	0.98183761	0.25	0.28857609	0.94788265	-0.55	1.0	3.0	4.0	1.0	1516.9824481	16.0	7.0	9.0
0.80459768	0.66666669	0.90651709	0.65	0.45030925	0.77880305	0.35	3.0	1.0	2.0	3.0	1536.29692936	7.0	8.0	9.0
0.89655173	0.66666669	0.96527778	0.6	0.35142958	0.70648915	0.31622777	2.0	2.0	1.0	4.0	1556.7277329	12.0	9.0	9.0
0.81395346	0.5	0.89912281	0.28	0.4554704	0.99920452	0.0	1.0	4.0	1.0	4.0	1576.2135241	6.0	0.0	10.0
0.83720928	0.40000001	0.9122807	0.32	0.44686891	1.02033901	-0.2	2.0	3.0	3.0	2.0	1595.93099189	6.0	1.0	10.0
0.86046511	0.80000001	0.93311404	0.72	0.40430504	0.6549837	0.6	4.0	1.0	1.0	4.0	1615.42426419	9.0	2.0	10.0
0.83720928	0.5	0.91216585	0.45833333	0.43525896	0.69485486	0.0	2.0	2.0	3.0	3.0	1635.57867074	8.0	3.0	10.0
0.96511626	0.80000001	0.99672668	1.0	0.24359356	0.3591904	0.61237244	2.0	2.0	0.0	6.0	1657.50207973	23.0	4.0	10.0
0.86046511	0.69999999	0.93889798	0.91666667	0.40398312	0.44316348	0.40824829	3.0	1.0	2.0	4.0	1678.24429274	11.0	5.0	10.0
0.81609195	0.44444445	0.89583333	0.45	0.45915881	0.92847466	-0.1	2.0	2.0	3.0	2.0	1701.07193518	6.0	6.0	10.0
1.0	0.66666669	1.0	0.8	0.13735821	0.58777642	0.35	3.0	1.0	2.0	3.0	1725.8089807	40.0	7.0	10.0
0.94252872	0.66666669	0.98931624	1.0	0.25528203	0.4542923	0.47809144	4.0	0.0	3.0	2.0	1747.92970443	22.0	8.0	10.0
0.86206895	0.44444445	0.95459402	0.4	0.36359997	0.76391137	-0.15811388	1.0	3.0	2.0	3.0	1768.54681444	14.0	9.0	10.0
